0.5299871554194252
-0.9199683825708922
0.5210947534828576
-0.9199683825708922
0.5122023515462901
-0.9288607845074597
0.5033099496097226
-0.9377531864440273
0.4855251457365875
-0.9466455883805948
0.47663274380002
-0.9555379903171624
0.4677403418634525
-0.9644303922537298
0.4499555379903174
-0.9644303922537298
0.44106313605374986
-0.9733227941902974
0.4321707341171823
-0.9733227941902974
0.4232783321806148
-0.9822151961268649
0.4054935283074797
-0.9822151961268649
0.3966011263709122
-0.9911075980634325
0.37881632249777714
-0.9911075980634325
0.36103151862464206
-0.9911075980634325
0.343246714751507
-1.0
0.32546191087837195
-1.0
0.30767710700523687
-1.0
0.2898923031321018
-1.0
0.28099990119553425
-1.0
0.25432269538583163
-1.0
0.23653789151269658
-0.9911075980634325
0.21875308763956153
-0.9911075980634325
0.19207588182985894
-0.9911075980634325
0.17429107795672386
-0.9822151961268649
0.1565062740835888
-0.9822151961268649
0.13872147021045372
-0.9822151961268649
0.12093666633731866
-0.9733227941902974
0.09425946052761605
-0.9644303922537298
0.07647465665448099
-0.9644303922537298
0.05868985278134592
-0.9555379903171624
0.049797450844778386
-0.9555379903171624
0.02312024503507579
-0.9466455883805948
-0.003556960774626811
-0.9377531864440273
-0.03023416658432941
-0.9288607845074597
-0.04801897045746448
-0.9199683825708922
-0.06580377433059954
-0.9110759806343247
-0.08358857820373461
-0.9110759806343247
-0.10137338207686968
-0.8932911767611896
-0.11915818595000474
-0.884398774824622
-0.13694298982313982
-0.8755063728880546
-0.15472779369627487
-0.8577215690149195
-0.1636201956328424
-0.848829167078352
-0.18140499950597747
-0.8399367651417844
-0.19918980337911255
-0.8221519612686493
-0.21697460725224763
-0.7954747554589467
-0.23475941112538268
-0.7776899515858117
-0.25254421499851776
-0.7599051477126766
-0.2614366169350853
-0.7421203438395415
-0.2792214208082203
-0.7243355399664064
-0.28811382274478786
-0.7154431380298389
-0.2970062246813554
-0.6976583341567039
-0.30589862661792294
-0.6798735302835688
-0.3147910285544905
-0.6709811283470013
-0.3147910285544905
-0.6620887264104337
-0.3147910285544905
-0.6443039225372986
-0.3147910285544905
-0.6354115206007311
-0.3147910285544905
-0.6176267167275961
-0.3147910285544905
-0.6087343147910286
-0.3147910285544905
-0.5909495109178935
-0.30589862661792294
-0.5820571089813259
-0.30589862661792294
-0.5642723051081908
-0.2970062246813554
-0.5464875012350559
-0.28811382274478786
-0.5287026973619208
-0.2792214208082203
-0.5109178934887857
-0.2792214208082203
-0.5020254915522181
-0.27032901887165284
-0.48424068767908307
-0.2614366169350853
-0.466455883805948
-0.25254421499851776
-0.4486710799328129
-0.24365181306195022
-0.4308862760596779
-0.22586700918881514
-0.4131014721865428
-0.22586700918881514
-0.40420907024997527
-0.21697460725224763
-0.3953166683134077
-0.19918980337911255
-0.37753186444027265
-0.190297401442545
-0.3686394625037051
-0.18140499950597747
-0.3597470605671376
-0.17251259756940995
-0.3508546586305701
-0.1636201956328424
-0.34196225669400254
-0.15472779369627487
-0.333069854757435
-0.13694298982313982
-0.32417745282086746
-0.12805058788657228
-0.32417745282086746
-0.11915818595000474
-0.3152850508842999
-0.11026578401343722
-0.3063926489477324
-0.10137338207686968
-0.29750024701116484
-0.08358857820373461
-0.29750024701116484
-0.07469617626716708
-0.2886078450745973
-0.05691137239403201
-0.2797154431380298
-0.04801897045746448
-0.2708230412014623
-0.03023416658432941
-0.2708230412014623
-0.021341764647761878
-0.26193063926489474
-0.003556960774626811
-0.26193063926489474
0.014227843098508256
-0.2530382373283272
0.03201264697164332
-0.2530382373283272
0.049797450844778386
-0.2530382373283272
0.05868985278134592
-0.24414583539175966
0.07647465665448099
-0.24414583539175966
0.09425946052761605
-0.24414583539175966
0.11204426440075112
-0.24414583539175966
0.12982906827388618
-0.24414583539175966
0.14761387214702126
-0.24414583539175966
0.1565062740835888
-0.24414583539175966
0.1831834798932914
-0.24414583539175966
0.20096828376642645
-0.24414583539175966
0.21875308763956153
-0.24414583539175966
0.23653789151269658
-0.24414583539175966
0.24543029344926412
-0.24414583539175966
0.26321509732239917
-0.24414583539175966
0.28099990119553425
-0.24414583539175966
0.2898923031321018
-0.24414583539175966
0.30767710700523687
-0.24414583539175966
0.3165695089418044
-0.24414583539175966
0.32546191087837195
-0.24414583539175966
0.3165695089418044
-0.24414583539175966
0.29878470506866933
-0.24414583539175966
0.28099990119553425
-0.24414583539175966
0.26321509732239917
-0.24414583539175966
0.24543029344926412
-0.24414583539175966
0.22764548957612907
-0.24414583539175966
0.209860685702994
-0.23525343345519212
0.20096828376642645
-0.23525343345519212
0.1831834798932914
-0.23525343345519212
0.16539867602015632
-0.2263610315186246
0.1565062740835888
-0.2263610315186246
0.13872147021045372
-0.21746862958205707
0.12982906827388618
-0.21746862958205707
0.11204426440075112
-0.20857622764548953
0.09425946052761605
-0.20857622764548953
0.07647465665448099
-0.19968382570892199
0.06758225471791346
-0.19968382570892199
0.049797450844778386
-0.19968382570892199
0.02312024503507579
-0.19079142377235447
0.005335441161940722
-0.19079142377235447
-0.012449362711194345
-0.19079142377235447
-0.03023416658432941
-0.19079142377235447
-0.039126568520896944
-0.18189902183578693
-0.04801897045746448
-0.18189902183578693
-0.06580377433059954
-0.18189902183578693
-0.08358857820373461
-0.1730066198992194
-0.10137338207686968
-0.1730066198992194
-0.11026578401343722
-0.16411421796265185
-0.11915818595000474
-0.16411421796265185
-0.13694298982313982
-0.1552218160260843
-0.14583539175970733
-0.1463294140895168
-0.1636201956328424
-0.13743701215294926
-0.17251259756940995
-0.13743701215294926
-0.18140499950597747
-0.12854461021638172
-0.19918980337911255
-0.1196522082798142
-0.21697460725224763
-0.11075980634324666
-0.22586700918881514
-0.10186740440667913
-0.24365181306195022
-0.09297500247011159
-0.2614366169350853
-0.08408260053354406
-0.27032901887165284
-0.08408260053354406
-0.28811382274478786
-0.066297796660409
-0.30589862661792294
-0.05740539472384146
-0.3147910285544905
-0.048512992787273924
-0.33257583242762556
-0.03072818891413886
-0.3503606363007606
-0.021835786977571325
-0.3592530382373281
-0.012943385041003792
-0.3770378421104632
-0.004050983104436259
-0.38593024404703075
0.013733820768698808
-0.3948226459835983
0.02262622270526634
-0.4037150479201658
0.040411026578401406
-0.41260744985673337
0.04930342851496894
-0.4214998517933009
0.05819583045153647
-0.4303922537298684
0.07598063432467154
-0.44817705760300347
0.09376543819780661
-0.457069459539571
0.11155024207094168
-0.46596186147613855
0.12933504594407674
-0.46596186147613855
0.13822744788064428
-0.4748542634127061
0.15601225175377934
-0.4748542634127061
0.17379705562691442
-0.48374666534927363
0.200474261436617
-0.48374666534927363
0.2182590653097521
-0.49263906728584117
0.23604386918288714
-0.49263906728584117
0.24493627111945468
-0.49263906728584117
0.27161347692915727
-0.49263906728584117
0.2982906827388599
-0.49263906728584117
0.32496788854856246
-0.5015314692224087
0.34275269242169754
-0.5015314692224087
0.36942989823140016
-0.5015314692224087
0.3783223001679677
-0.5015314692224087
0.40499950597767026
-0.49263906728584117
0.42278430985080534
-0.49263906728584117
0.44946151566050796
-0.49263906728584117
0.467246319533643
-0.49263906728584117
0.48503112340677806
-0.48374666534927363
0.5028159272799132
-0.48374666534927363
0.5294931330896158
-0.4748542634127061
0.5472779369627508
-0.46596186147613855
0.5739551427724534
-0.46596186147613855
0.5917399466455885
-0.457069459539571
0.600632348582156
-0.44817705760300347
0.6273095543918586
-0.43928465566643593
0.6450943582649937
-0.4303922537298684
0.6628791621381287
-0.4214998517933009
0.6806639660112638
-0.41260744985673337
0.6984487698843989
-0.4037150479201658
0.7162335737575339
-0.3948226459835983
0.734018377630669
-0.38593024404703075
0.7518031815038041
-0.36814544017389567
0.7695879853769392
-0.3503606363007606
0.7873727892500743
-0.3414682343641931
0.7962651911866417
-0.33257583242762556
0.8140499950597768
-0.3147910285544905
0.8229423969963443
-0.30589862661792294
0.8407272008694794
-0.28811382274478786
0.8585120047426145
-0.27032901887165284
0.8674044066791821
-0.25254421499851776
0.8762968086157495
-0.23475941112538268
0.885189210552317
-0.21697460725224763
0.8940816124888846
-0.190297401442545
0.9029740144254521
-0.17251259756940995
0.9118664163620197
-0.15472779369627487
0.9207588182985872
-0.13694298982313982
0.9207588182985872
-0.11026578401343722
0.9296512202351548
-0.08358857820373461
0.9385436221717223
-0.06580377433059954
0.9474360241082899
-0.039126568520896944
0.9474360241082899
-0.03023416658432941
0.9474360241082899
-0.012449362711194345
0.9563284260448573
0.005335441161940722
0.9563284260448573
0.03201264697164332
0.9563284260448573
0.049797450844778386
0.9652208279814248
0.06758225471791346
0.9652208279814248
0.07647465665448099
0.9652208279814248
0.09425946052761605
0.9652208279814248
0.12093666633731866
0.9741132299179924
0.13872147021045372
0.9741132299179924
0.16539867602015632
0.9741132299179924
0.17429107795672386
0.9741132299179924
0.19207588182985894
0.9741132299179924
0.21875308763956153
0.9741132299179924
0.23653789151269658
0.9741132299179924
0.25432269538583163
0.9741132299179924
0.2721074992589667
0.9741132299179924
0.28099990119553425
0.9652208279814248
0.30767710700523687
0.9652208279814248
0.32546191087837195
0.9652208279814248
0.343246714751507
0.9563284260448573
0.3699239205612096
0.9563284260448573
0.37881632249777714
0.9563284260448573
0.3966011263709122
0.9474360241082899
0.4232783321806148
0.9474360241082899
0.44106313605374986
0.9385436221717223
0.45884793992688494
0.9296512202351548
0.47663274380002
0.9207588182985872
0.4855251457365875
0.9207588182985872
0.5122023515462901
0.9118664163620197
0.5299871554194252
0.8940816124888846
0.5477719592925603
0.885189210552317
0.5655567631656954
0.8762968086157495
0.5833415670388304
0.8762968086157495
0.6011263709119654
0.8674044066791821
0.6189111747851005
0.8585120047426145
0.6366959786582356
0.849619602806047
0.6633731844679382
0.8407272008694794
0.6811579883410732
0.8318347989329119
0.6900503902776408
0.8318347989329119
0.7167275960873434
0.8229423969963443
0.7345123999604785
0.8140499950597768
0.7522972038336135
0.8051575931232092
0.7700820077067486
0.7962651911866417
0.7878668115798837
0.7873727892500743
0.8056516154530188
0.7873727892500743
0.8145440173895863
0.7873727892500743
0.8323288212627213
0.7784803873135067
0.8412212231992888
0.7784803873135067
0.8501136251358564
0.7784803873135067
0.8590060270724239
0.7695879853769392
0
0
0
1
