0.3915740110430378
-0.7937372362151124
0.3915740110430378
-0.8033809847969141
0.3819302624612361
-0.8130247333787158
0.3819302624612361
-0.8226684819605175
0.37228651387943446
-0.8323122305423192
0.37228651387943446
-0.8419559791241208
0.3626427652976328
-0.8515997277059225
0.35299901671583106
-0.8612434762877241
0.3433552681340294
-0.8612434762877241
0.3337115195522277
-0.8805309734513276
0.32406777097042605
-0.8901747220331292
0.3144240223886244
-0.8998184706149309
0.30478027380682265
-0.9094622191967325
0.2854927766432193
-0.9191059677785343
0.27584902806141764
-0.9191059677785343
0.266205279479616
-0.928749716360336
0.2565615308978143
-0.9383934649421376
0.23727403373421094
-0.9383934649421376
0.22763028515240924
-0.9480372135239393
0.20834278798880587
-0.9576809621057409
0.1986990394070042
-0.9576809621057409
0.18905529082520253
-0.9576809621057409
0.17941154224340083
-0.9673247106875427
0.1601240450797975
-0.9673247106875427
0.1504802964979958
-0.9769684592693444
0.13119279933439246
-0.9769684592693444
0.12154905075259077
-0.9769684592693444
0.1022615535889874
-0.986612207851146
0.08297405642538405
-0.986612207851146
0.06368655926178068
-0.986612207851146
0.04439906209817733
-0.986612207851146
0.02511156493457397
-0.986612207851146
0.015467816352772291
-0.9769684592693444
-0.0038196808108310687
-0.9769684592693444
-0.02310717797443443
-0.9769684592693444
-0.04239467513803779
-0.9673247106875427
-0.07132592088344282
-0.9673247106875427
-0.09061341804704619
-0.9576809621057409
-0.10025716662884787
-0.9576809621057409
-0.1291884123742529
-0.9480372135239393
-0.14847590953785628
-0.928749716360336
-0.16776340670145962
-0.9191059677785343
-0.18705090386506298
-0.9094622191967325
-0.20633840102866635
-0.8998184706149309
-0.21598214961046802
-0.8901747220331292
-0.2256258981922697
-0.8708872248695259
-0.2352696467740714
-0.8612434762877241
-0.25455714393767476
-0.8419559791241208
-0.2642008925194764
-0.8323122305423192
-0.2738446411012781
-0.8226684819605175
-0.28348838968307977
-0.8033809847969141
-0.29313213826488144
-0.7840934876333108
-0.31241963542848483
-0.7648059904697074
-0.3220633840102865
-0.745518493306104
-0.33170713259208817
-0.7358747447243024
-0.33170713259208817
-0.7262309961425006
-0.34135088117388984
-0.7069434989788973
-0.3509946297556915
-0.687656001815294
-0.3509946297556915
-0.6683685046516906
-0.36063837833749324
-0.6490810074880873
-0.36063837833749324
-0.6201497617426822
-0.36063837833749324
-0.6105060131608805
-0.3702821269192949
-0.5912185159972771
-0.3702821269192949
-0.5719310188336738
-0.3702821269192949
-0.5429997730882687
-0.3702821269192949
-0.5237122759246654
-0.3702821269192949
-0.5044247787610621
-0.3702821269192949
-0.49478103017926034
-0.36063837833749324
-0.46584978443385533
-0.36063837833749324
-0.44656228727025193
-0.3509946297556915
-0.4272747901066486
-0.34135088117388984
-0.40798729294304525
-0.33170713259208817
-0.3983435443612436
-0.3220633840102865
-0.3790560471976402
-0.31241963542848483
-0.3694122986158385
-0.30277588684668316
-0.3501248014522352
-0.29313213826488144
-0.34048105287043345
-0.28348838968307977
-0.3211935557068301
-0.28348838968307977
-0.31154980712502844
-0.2738446411012781
-0.3019060585432268
-0.25455714393767476
-0.2826185613796234
-0.24491339535587306
-0.2729748127978217
-0.2352696467740714
-0.26333106421602004
-0.21598214961046802
-0.25368731563421837
-0.20633840102866635
-0.24404356705241667
-0.19669465244686465
-0.234399818470615
-0.17740715528326131
-0.22475606988881333
-0.16776340670145962
-0.21511232130701163
-0.14847590953785628
-0.20546857272520996
-0.13883216095605458
-0.1958248241434083
-0.1291884123742529
-0.1958248241434083
-0.10990091521064954
-0.1958248241434083
-0.10025716662884787
-0.1861810755616066
-0.0809696694652445
-0.1861810755616066
-0.07132592088344282
-0.17653732697980493
-0.06168217230164115
-0.17653732697980493
-0.04239467513803779
-0.17653732697980493
-0.02310717797443443
-0.16689357839800326
-0.0038196808108310687
-0.16689357839800326
0.005824067770970611
-0.16689357839800326
0.02511156493457397
-0.16689357839800326
0.034755313516375654
-0.16689357839800326
0.05404281067997901
-0.16689357839800326
0.07333030784358237
-0.16689357839800326
0.09261780500718572
-0.16689357839800326
0.1022615535889874
-0.16689357839800326
0.12154905075259077
-0.16689357839800326
0.13119279933439246
-0.16689357839800326
0.14083654791619413
-0.16689357839800326
0.1601240450797975
-0.16689357839800326
0.16976779366159916
-0.17653732697980493
0.17941154224340083
-0.17653732697980493
0.18905529082520253
-0.17653732697980493
0.20834278798880587
-0.17653732697980493
0.21798653657060757
-0.17653732697980493
0.20834278798880587
-0.17653732697980493
0.1986990394070042
-0.17653732697980493
0.17941154224340083
-0.17653732697980493
0.16976779366159916
-0.17653732697980493
0.1601240450797975
-0.17653732697980493
0.1504802964979958
-0.17653732697980493
0.14083654791619413
-0.17653732697980493
0.12154905075259077
-0.17653732697980493
0.11190530217078909
-0.17653732697980493
0.1022615535889874
-0.16689357839800326
0.09261780500718572
-0.16689357839800326
0.07333030784358237
-0.16689357839800326
0.06368655926178068
-0.15724982981620156
0.04439906209817733
-0.15724982981620156
0.034755313516375654
-0.1476060812343999
0.015467816352772291
-0.1476060812343999
-0.0038196808108310687
-0.13796233265259822
-0.02310717797443443
-0.13796233265259822
-0.04239467513803779
-0.12831858407079652
-0.06168217230164115
-0.12831858407079652
-0.07132592088344282
-0.11867483548899485
-0.09061341804704619
-0.10903108690719317
-0.10990091521064954
-0.09938733832539148
-0.1291884123742529
-0.09938733832539148
-0.13883216095605458
-0.08974358974358981
-0.15811965811965795
-0.08009984116178813
-0.16776340670145962
-0.07045609257998645
-0.17740715528326131
-0.07045609257998645
-0.19669465244686465
-0.051168595416383085
-0.21598214961046802
-0.04152484683458141
-0.2256258981922697
-0.03188109825277973
-0.2352696467740714
-0.022237349670978047
-0.25455714393767476
-0.012593601089176369
-0.2642008925194764
0.00669389607442699
-0.28348838968307977
0.01633764465622867
-0.29313213826488144
0.03562514181983203
-0.30277588684668316
0.04526889040163371
-0.31241963542848483
0.05491263898343539
-0.3220633840102865
0.06455638756523707
-0.34135088117388984
0.08384388472884043
-0.3509946297556915
0.1031313818924438
-0.36063837833749324
0.12241887905604715
-0.3702821269192949
0.14170637621965052
-0.3799258755010966
0.15135012480145218
-0.38956962408289825
0.17063762196505555
-0.3992133726646999
0.1899251191286589
-0.40885712124650164
0.20921261629226226
-0.4185008698283033
0.2381438620376673
-0.428144618410105
0.247787610619469
-0.428144618410105
0.27671885636487403
-0.43778836699190665
0.30565010211027904
-0.43778836699190665
0.32493759927388244
-0.4474321155737083
0.35386884501928745
-0.43778836699190665
0.3828000907646925
-0.43778836699190665
0.3924438393464942
-0.43778836699190665
0.4213750850918992
-0.43778836699190665
0.4406625822555026
-0.43778836699190665
0.4695938280009076
-0.428144618410105
0.49852507374631266
-0.4185008698283033
0.5178125709099161
-0.4185008698283033
0.5274563194917177
-0.40885712124650164
0.5563875652371227
-0.3992133726646999
0.5853188109825278
-0.38956962408289825
0.6046063081461311
-0.3799258755010966
0.6238938053097345
-0.3702821269192949
0.6528250510551395
-0.36063837833749324
0.6624687996369412
-0.3509946297556915
0.6817562968005446
-0.33170713259208817
0.701043793964148
-0.3220633840102865
0.7203312911277513
-0.31241963542848483
0.7396187882913546
-0.30277588684668316
0.7492625368731564
-0.29313213826488144
0.7685500340367597
-0.2738446411012781
0.7781937826185613
-0.2642008925194764
0.7974812797821648
-0.24491339535587306
0.8167687769457681
-0.2352696467740714
0.8360562741093714
-0.2256258981922697
0.8360562741093714
-0.20633840102866635
0.8553437712729748
-0.19669465244686465
0.8649875198547765
-0.17740715528326131
0.8842750170183798
-0.15811965811965795
0.8939187656001816
-0.13883216095605458
0.9035625141819832
-0.1291884123742529
0.9132062627637849
-0.10990091521064954
0.9228500113455865
-0.09061341804704619
0.9324937599273883
-0.07132592088344282
0.9421375085091899
-0.04239467513803779
0.9517812570909916
-0.032750926556236105
0.9614250056727933
-0.013463429392632748
0.9614250056727933
0.005824067770970611
0.9710687542545949
0.034755313516375654
0.9807125028363967
0.05404281067997901
0.9807125028363967
0.07333030784358237
0.9903562514181983
0.08297405642538405
0.9903562514181983
0.11190530217078909
1.0
0.13119279933439246
1.0
0.1504802964979958
1.0
0.16976779366159916
1.0
0.17941154224340083
1.0
0.1986990394070042
1.0
0.21798653657060757
1.0
0.23727403373421094
1.0
0.2565615308978143
1.0
0.27584902806141764
0.9903562514181983
0.2854927766432193
0.9903562514181983
0.30478027380682265
0.9807125028363967
0.32406777097042605
0.9807125028363967
0.3433552681340294
0.9710687542545949
0.3626427652976328
0.9614250056727933
0.37228651387943446
0.9517812570909916
0.3915740110430378
0.9421375085091899
0.41086150820664114
0.9421375085091899
0.4397927539520462
0.9228500113455865
0.45908025111564954
0.9132062627637849
0.47836774827925294
0.9035625141819832
0.4976552454428563
0.9035625141819832
0.5169427426064597
0.8939187656001816
0.536230239770063
0.8746312684365781
0.5651614855154681
0.8649875198547765
0.594092731260873
0.8457000226911732
0.6037364798426748
0.8457000226911732
0.6230239770062781
0.8264125255275697
0.6519552227516832
0.8071250283639664
0.6712427199152865
0.787837531200363
0.7001739656606916
0.7685500340367597
0.7098177142424932
0.758906285454958
0.7291052114060966
0.7396187882913546
0.7483927085697
0.7203312911277513
0.7676802057333033
0.701043793964148
0.7869677028969067
0.6817562968005446
0.7966114514787084
0.6721125482187429
0.80625520006051
0.6624687996369412
0.8255426972241133
0.6528250510551395
0.8351864458059151
0.6431813024733378
0.8448301943877168
0.6238938053097345
0.8544739429695184
0.6142500567279328
0.8641176915513201
0.6046063081461311
0.8737614401331217
0.6046063081461311
0.8737614401331217
0.5949625595643294
0
0
0
1
