0.5345629144120113
-0.8856794451642405
0.5155094886060514
-0.8952061580672205
0.4869293498971115
-0.9142595838731804
0.4678759240911516
-0.9142595838731804
0.4583492111881716
-0.9237862967761603
0.42976907247923174
-0.9333130096791403
0.4107156466732719
-0.9333130096791403
0.382135507964332
-0.9428397225821202
0.3535553692553921
-0.9523664354851002
0.34402865635241214
-0.9523664354851002
0.31544851764347226
-0.9618931483880802
0.28686837893453243
-0.9618931483880802
0.25828824022559255
-0.9714198612910602
0.22970810151665266
-0.9809465741940401
0.2011279628077128
-0.9904732870970201
0.19160124990473285
-0.9904732870970201
0.16302111119579296
-0.9904732870970201
0.1344409724868531
-0.9904732870970201
0.10586083377791324
-0.9904732870970201
0.07728069506897337
-1.0
0.04870055636003349
-1.0
0.029647130554073576
-1.0
0.0010669918451337054
-0.9904732870970201
-0.027513146863806164
-0.9904732870970201
-0.05609328557274604
-0.9904732870970201
-0.08467342428168591
-0.9809465741940401
-0.11325356299062578
-0.9809465741940401
-0.1323069887965857
-0.9714198612910602
-0.1513604146025456
-0.9714198612910602
-0.17994055331148548
-0.9618931483880802
-0.20852069202042534
-0.9428397225821202
-0.22757411782638526
-0.9333130096791403
-0.23710083072936522
-0.9237862967761603
-0.2656809694383051
-0.9142595838731804
-0.28473439524426497
-0.8952061580672205
-0.29426110814724493
-0.8761527322612606
-0.31331453395320485
-0.8570993064553006
-0.3323679597591648
-0.8380458806493407
-0.34189467266214474
-0.8189924548433808
-0.3514213855651247
-0.7999390290374209
-0.36094809846810466
-0.780885603231461
-0.3704748113710846
-0.7618321774255011
-0.3800015242740646
-0.7427787516195412
-0.3800015242740646
-0.7332520387165612
-0.3800015242740646
-0.7141986129106013
-0.3800015242740646
-0.6951451871046413
-0.3704748113710846
-0.6856184742016614
-0.3704748113710846
-0.6665650483957015
-0.36094809846810466
-0.6475116225897416
-0.36094809846810466
-0.6379849096867617
-0.34189467266214474
-0.6284581967837817
-0.3323679597591648
-0.6094047709778218
-0.31331453395320485
-0.5903513451718618
-0.29426110814724493
-0.5808246322688819
-0.29426110814724493
-0.5712979193659019
-0.2656809694383051
-0.561771206462922
-0.24662754363234518
-0.5427177806569621
-0.22757411782638526
-0.5331910677539822
-0.20852069202042534
-0.5236643548510022
-0.18946726621446544
-0.5141376419480223
-0.17994055331148548
-0.5046109290450422
-0.16088712750552556
-0.49508421614206227
-0.14183370169956563
-0.4855575032390823
-0.12278027589360574
-0.4760307903361024
-0.10372685008764582
-0.46650407743312244
-0.08467342428168591
-0.4569773645301425
-0.07514671137870595
-0.4474506516271625
-0.046566572669766076
-0.43792393872418256
-0.027513146863806164
-0.4283972258212026
-0.008459721057846252
-0.41887051291822264
0.010593704748113662
-0.4093438000152427
0.020120417651093618
-0.3998170871122627
0.04870055636003349
-0.39029037420928275
0.0677539821659934
-0.3807636613063028
0.08680740797195331
-0.37123694840332283
0.10586083377791324
-0.36171023550034287
0.1344409724868531
-0.35218352259736296
0.14396768538983307
-0.35218352259736296
0.16302111119579296
-0.342656809694383
0.18207453700175288
-0.342656809694383
0.21065467571069274
-0.33313009679140304
0.22970810151665266
-0.33313009679140304
0.24876152732261259
-0.3236033838884231
0.25828824022559255
-0.3236033838884231
0.28686837893453243
-0.3236033838884231
0.31544851764347226
-0.3236033838884231
0.3345019434494322
-0.3140766709854431
0.36308208215837207
-0.3140766709854431
0.372608795061352
-0.3140766709854431
0.39166222086731195
-0.3140766709854431
0.4107156466732719
-0.3140766709854431
0.4202423595762518
-0.3140766709854431
0.4392957853822117
-0.30454995808246316
0.44882249828519166
-0.30454995808246316
0.42976907247923174
-0.30454995808246316
0.4107156466732719
-0.30454995808246316
0.39166222086731195
-0.30454995808246316
0.372608795061352
-0.30454995808246316
0.3535553692553921
-0.30454995808246316
0.3345019434494322
-0.2950232451794832
0.31544851764347226
-0.2950232451794832
0.3059218047404923
-0.2950232451794832
0.28686837893453243
-0.2950232451794832
0.25828824022559255
-0.2950232451794832
0.23923481441963262
-0.28549653227650323
0.2201813886136727
-0.28549653227650323
0.2011279628077128
-0.28549653227650323
0.19160124990473285
-0.28549653227650323
0.17254782409877292
-0.2759698193735233
0.153494398292813
-0.2759698193735233
0.1344409724868531
-0.2759698193735233
0.11538754668089318
-0.2759698193735233
0.08680740797195331
-0.2664431064705433
0.07728069506897337
-0.2664431064705433
0.05822726926301344
-0.25691639356756335
0.039173843457053534
-0.25691639356756335
0.029647130554073576
-0.24738968066458342
0.010593704748113662
-0.24738968066458342
0.0010669918451337054
-0.24738968066458342
-0.01798643396082621
-0.23786296776160346
-0.046566572669766076
-0.2283362548586235
-0.06561999847572599
-0.2283362548586235
-0.08467342428168591
-0.21880954195564353
-0.10372685008764582
-0.2092828290526636
-0.1323069887965857
-0.19975611614968364
-0.1513604146025456
-0.19022940324670368
-0.17994055331148548
-0.18070269034372372
-0.19899397911744537
-0.17117597744074375
-0.2180474049234053
-0.1616492645377638
-0.23710083072936522
-0.15212255163478386
-0.25615425653532514
-0.1425958387318039
-0.27520768234128506
-0.13306912582882394
-0.3037878210502249
-0.11401570002286401
-0.3228412468561848
-0.10448898711988407
-0.34189467266214474
-0.0949622742169041
-0.36094809846810466
-0.0759088484109442
-0.3800015242740646
-0.05685542260498428
-0.3990549500800245
-0.037801996799024365
-0.4181083758859844
-0.018748570993064453
-0.42763508878896433
3.0485481289546044E-4
-0.4371618016919443
0.009831567715875417
-0.4562152274979042
0.02888499352183533
-0.4657419404008842
0.047938419327795245
-0.4847953662068441
0.06699184513375515
-0.49432207910982406
0.07651855803673512
-0.503848792012804
0.09557198384269502
-0.513375504915784
0.10509869674567499
-0.513375504915784
0.1241521225516349
-0.5229022178187639
0.1432055483575948
-0.5324289307217439
0.16225897416355473
-0.5324289307217439
0.18131239996951465
-0.5419556436247238
0.2098925386784545
-0.5419556436247238
0.21941925158143447
-0.5419556436247238
0.2384726773873944
-0.5419556436247238
0.2575261031933543
-0.5419556436247238
0.2765795289993142
-0.5419556436247238
0.29563295480527413
-0.5419556436247238
0.31468638061123405
-0.5419556436247238
0.333739806417194
-0.5419556436247238
0.35279323222315384
-0.5324289307217439
0.3813733709320937
-0.5324289307217439
0.40042679673805365
-0.5229022178187639
0.41948022254401357
-0.5229022178187639
0.4385336483499735
-0.513375504915784
0.45758707415593336
-0.513375504915784
0.4766404999618933
-0.503848792012804
0.5052206386708332
-0.49432207910982406
0.524274064476793
-0.4847953662068441
0.543327490282753
-0.4847953662068441
0.552854203185733
-0.47526865330386414
0.5719076289916929
-0.4657419404008842
0.6004877677006327
-0.4562152274979042
0.6195411935065926
-0.44668851459492426
0.6385946193125526
-0.4371618016919443
0.6576480451185125
-0.42763508878896433
0.6671747580214924
-0.4181083758859844
0.6862281838274523
-0.3990549500800245
0.7052816096334122
-0.38952823717704455
0.7243350354393722
-0.3704748113710846
0.7338617483423522
-0.36094809846810466
0.7433884612453321
-0.34189467266214474
0.752915174148312
-0.3323679597591648
0.7719685999542719
-0.31331453395320485
0.7814953128572519
-0.29426110814724493
0.7910220257602318
-0.27520768234128506
0.8005487386632119
-0.2656809694383051
0.8100754515661918
-0.24662754363234518
0.8196021644691718
-0.22757411782638526
0.8291288773721517
-0.20852069202042534
0.8386555902751317
-0.18946726621446544
0.8386555902751317
-0.17994055331148548
0.8481823031781116
-0.16088712750552556
0.8481823031781116
-0.1323069887965857
0.8577090160810916
-0.11325356299062578
0.8672357289840715
-0.09420013718466587
0.8672357289840715
-0.07514671137870595
0.8767624418870514
-0.06561999847572599
0.8767624418870514
-0.046566572669766076
0.8767624418870514
-0.01798643396082621
0.8767624418870514
0.0010669918451337054
0.8862891547900315
0.020120417651093618
0.8862891547900315
0.029647130554073576
0.8862891547900315
0.05822726926301344
0.8862891547900315
0.07728069506897337
0.8862891547900315
0.09633412087493327
0.8862891547900315
0.11538754668089318
0.8862891547900315
0.1344409724868531
0.8862891547900315
0.14396768538983307
0.8862891547900315
0.153494398292813
0.8862891547900315
0.17254782409877292
0.8862891547900315
0.19160124990473285
0.8862891547900315
0.21065467571069274
0.8862891547900315
0.23923481441963262
0.8767624418870514
0.25828824022559255
0.8767624418870514
0.27734166603155247
0.8767624418870514
0.2963950918375124
0.8767624418870514
0.31544851764347226
0.8767624418870514
0.3249752305464522
0.8672357289840715
0.34402865635241214
0.8672357289840715
0.36308208215837207
0.8672357289840715
0.382135507964332
0.8577090160810916
0.4011889337702919
0.8577090160810916
0.4107156466732719
0.8577090160810916
0.42976907247923174
0.8481823031781116
0.44882249828519166
0.8481823031781116
0.4678759240911516
0.8386555902751317
0.4869293498971115
0.8386555902751317
0.5059827757030714
0.8291288773721517
0.5250362015090313
0.8291288773721517
0.5440896273149912
0.8291288773721517
0.5631430531209511
0.8196021644691718
0.5821964789269111
0.8196021644691718
0.6107766176358509
0.8100754515661918
0.6203033305388309
0.8100754515661918
0.6393567563447908
0.8005487386632119
0.6584101821507508
0.8005487386632119
0.6679368950537307
0.7910220257602318
0.6965170337626706
0.7910220257602318
0.7155704595686304
0.7910220257602318
0.7346238853745903
0.7814953128572519
0.7536773111805503
0.7719685999542719
0.7632040240835303
0.7719685999542719
0.7822574498894902
0.7719685999542719
0.8013108756954501
0.762441887051292
0.82036430150141
0.752915174148312
0.82989101440439
0.752915174148312
0.8489444402103499
0.752915174148312
0.8679978660163098
0.7433884612453321
0.8775245789192897
0.7433884612453321
0
0
0
1
