0.54210368594546
-0.733892718010189
0.519208870242733
-0.733892718010189
0.496314054540006
-0.7453401258615524
0.473419238837279
-0.7453401258615524
0.450524423134552
-0.756787533712916
0.427629607431825
-0.756787533712916
0.404734791729098
-0.756787533712916
0.381839976026371
-0.7682349415642794
0.3703925681750075
-0.7682349415642794
0.3474977524722805
-0.7682349415642794
0.31315552891819
-0.7682349415642794
0.290260713215463
-0.779682349415643
0.2559184896613725
-0.7682349415642794
0.221576266107282
-0.7682349415642794
0.2101288582559185
-0.7682349415642794
0.1872340425531915
-0.7682349415642794
0.1643392268504645
-0.7682349415642794
0.129997003296374
-0.7682349415642794
0.107102187593647
-0.756787533712916
0.08420737189092
-0.756787533712916
0.0727599640395565
-0.7453401258615524
0.0498651483368295
-0.7453401258615524
0.0269703326341025
-0.733892718010189
-0.0073718909199880014
-0.7224453101588254
-0.030266706622715002
-0.710997902307462
-0.0646089301768055
-0.710997902307462
-0.076056338028169
-0.6995504944560984
-0.098951153730896
-0.688103086604735
-0.121845969433623
-0.6766556787533714
-0.14474078513635
-0.665208270902008
-0.1561881929877135
-0.6537608630506444
-0.167635600839077
-0.642313455199281
-0.1790830086904405
-0.6308660473479174
-0.190530416541804
-0.619418639496554
-0.2019778243931675
-0.596523823793827
-0.2248726400958945
-0.5850764159424634
-0.2248726400958945
-0.5621816002397364
-0.236320047947258
-0.5621816002397364
-0.2477674557986215
-0.5392867845370094
-0.2477674557986215
-0.527839376685646
-0.25921486364998503
-0.5163919688342824
-0.25921486364998503
-0.4934971531315554
-0.25921486364998503
-0.4820497452801919
-0.25921486364998503
-0.4591549295774649
-0.25921486364998503
-0.4477075217261014
-0.2477674557986215
-0.4362601138747379
-0.2477674557986215
-0.4248127060233744
-0.236320047947258
-0.4133652981720109
-0.213425232244531
-0.4019178903206474
-0.2019778243931675
-0.3904704824692839
-0.1790830086904405
-0.3790230746179204
-0.1561881929877135
-0.3675756667665569
-0.14474078513635
-0.3561282589151934
-0.1332933772849865
-0.3561282589151934
-0.1103985615822595
-0.3446808510638299
-0.076056338028169
-0.3446808510638299
-0.053161522325442
-0.3332334432124664
-0.030266706622715002
-0.3332334432124664
-0.0188192987713515
-0.3332334432124664
0.015522924782738999
-0.3332334432124664
0.038417740485466
-0.3332334432124664
0.061312556188193
-0.3217860353611029
0.08420737189092
-0.3217860353611029
0.0956547797422835
-0.3217860353611029
0.107102187593647
-0.3217860353611029
0.129997003296374
-0.3217860353611029
0.1414444111477375
-0.3217860353611029
0.1643392268504645
-0.3217860353611029
0.175786634701828
-0.3217860353611029
0.198681450404555
-0.3217860353611029
0.2101288582559185
-0.3217860353611029
0.221576266107282
-0.3217860353611029
0.244471081810009
-0.3217860353611029
0.2559184896613725
-0.3217860353611029
0.2788133053640995
-0.3217860353611029
0.290260713215463
-0.3217860353611029
0.3017081210668265
-0.3217860353611029
0.31315552891819
-0.3217860353611029
0.336050344620917
-0.3217860353611029
0.3474977524722805
-0.3217860353611029
0.358945160323644
-0.3217860353611029
0.381839976026371
-0.3217860353611029
0.3932873838777345
-0.3217860353611029
0.404734791729098
-0.3217860353611029
0.3932873838777345
-0.3217860353611029
0.3703925681750075
-0.3217860353611029
0.336050344620917
-0.3217860353611029
0.31315552891819
-0.3217860353611029
0.290260713215463
-0.3217860353611029
0.267365897512736
-0.3217860353611029
0.244471081810009
-0.3103386275097394
0.221576266107282
-0.3103386275097394
0.198681450404555
-0.2988912196583759
0.175786634701828
-0.2988912196583759
0.1643392268504645
-0.2988912196583759
0.1414444111477375
-0.2874438118070124
0.1185495954450105
-0.2874438118070124
0.0956547797422835
-0.2759964039556489
0.061312556188193
-0.2759964039556489
0.038417740485466
-0.2645489961042854
0.0269703326341025
-0.2645489961042854
-0.0073718909199880014
-0.2531015882529219
-0.0417141144740785
-0.24165418040155842
-0.076056338028169
-0.23020677255019492
-0.1103985615822595
-0.21875936469883142
-0.14474078513635
-0.19586454899610442
-0.1561881929877135
-0.19586454899610442
-0.190530416541804
-0.17296973329337742
-0.2248726400958945
-0.15007491759065042
-0.25921486364998503
-0.12718010188792342
-0.30500449505543903
-0.10428528618519642
-0.3393467186095295
-0.08139047048246942
-0.350794126460893
-0.06994306263110592
-0.3851363500149835
-0.04704824692837892
-0.419478573569074
-0.024153431225651917
-0.4538207971231645
-0.0012586155229249156
-0.488163020677255
0.010188792328438584
-0.511057836379982
0.033083608031165584
-0.5225052442313455
0.044531015882529085
-0.5454000599340725
0.06742583158525609
-0.5682948756367995
0.10176805513934659
-0.579742283488163
0.12466287084207359
-0.60263709919089
0.1475576865448006
-0.6140845070422535
0.1704525022475276
-0.625531914893617
0.2047947258016181
-0.6369793227449805
0.2391369493557086
-0.648426730596344
0.27347917290979906
-0.648426730596344
0.30782139646388956
-0.6598741384477075
0.34216362001798006
-0.6598741384477075
0.36505843572070706
-0.6598741384477075
0.39940065927479756
-0.6598741384477075
0.43374288282888807
-0.6598741384477075
0.46808510638297857
-0.648426730596344
0.5024273299370691
-0.648426730596344
0.5367695534911596
-0.6369793227449805
0.5596643691938866
-0.625531914893617
0.5940065927479771
-0.6140845070422535
0.6283488163020676
-0.60263709919089
0.6512436320047946
-0.5911896913395265
0.6855858555588851
-0.5682948756367995
0.7084806712616121
-0.5682948756367995
0.7199280791129756
-0.5454000599340725
0.7428228948157026
-0.5225052442313455
0.7657177105184296
-0.488163020677255
0.7886125262211566
-0.465268204974528
0.8115073419238836
-0.442373389271801
0.8344021576266106
-0.419478573569074
0.8344021576266106
-0.396583757866347
0.8572969733293376
-0.3622415343122565
0.8801917890320646
-0.327899310758166
0.8916391968834281
-0.29355708720407553
0.9030866047347916
-0.28210967935271203
0.9145340125861551
-0.2477674557986215
0.9259814204375186
-0.2248726400958945
0.9374288282888821
-0.190530416541804
0.9488762361402456
-0.1561881929877135
0.9603236439916091
-0.1332933772849865
0.9603236439916091
-0.1103985615822595
0.9717710518429726
-0.076056338028169
0.9717710518429726
-0.0417141144740785
0.9717710518429726
0.004075516931375499
0.9717710518429726
0.038417740485466
0.9717710518429726
0.0727599640395565
0.9717710518429726
0.08420737189092
0.9717710518429726
0.129997003296374
0.9603236439916091
0.1643392268504645
0.9603236439916091
0.198681450404555
0.9488762361402456
0.2330236739586455
0.9374288282888821
0.2559184896613725
0.9374288282888821
0.290260713215463
0.9259814204375186
0.336050344620917
0.9145340125861551
0.3703925681750075
0.9030866047347916
0.4161821995804615
0.8916391968834281
0.4619718309859155
0.8801917890320646
0.4848666466886425
0.8687443811807011
0.5306562780940965
0.8572969733293376
0.564998501648187
0.8344021576266106
0.610788133053641
0.8115073419238836
0.656577764459095
0.7886125262211566
0.679472580161822
0.7886125262211566
0.725262211567276
0.7657177105184296
0.77105184297273
0.7428228948157026
0.8053940665268206
0.7313754869643391
0.8511836979322746
0.7084806712616121
0.885525921486365
0.6855858555588851
0.908420737189092
0.6741384477075216
0.931315552891819
0.6626910398561581
0.9656577764459096
0.6397962241534311
0.9885525921486366
0.6169014084507041
1.0
0.6054540005993406
0
0
0
1
