0.3949378777703155
-0.9790967092008059
0.3844862323707185
-0.9895483546004029
0.36358294157152443
-0.9895483546004029
0.3426796507723303
-0.9895483546004029
0.3322280053727333
-1.0
0.31132471457353916
-1.0
0.2904214237743451
-1.0
0.269518132975151
-1.0
0.25906648757555395
-1.0
0.24861484217595692
-1.0
0.22771155137676283
-1.0
0.20680826057756874
-1.0
0.18590496977837465
-1.0
0.1754533243787776
-1.0
0.14409838817998646
-1.0
0.12319509738079236
-1.0
0.10229180658159827
-0.9895483546004029
0.07093687038280713
-0.9895483546004029
0.039581934184015996
-0.9790967092008059
0.029130288784418954
-0.9790967092008059
-0.0022246474143721826
-0.9686450638012088
-0.023127938213566273
-0.9581934184016118
-0.05448287441235741
-0.9477417730020148
-0.0753861652115515
-0.9372901276024177
-0.0962894560107456
-0.9268384822028207
-0.10674110141034264
-0.9268384822028207
-0.12764439220953672
-0.9163868368032236
-0.1485476830087308
-0.9059351914036265
-0.1694509738079249
-0.8954835460040296
-0.17990261920752196
-0.8850319006044325
-0.190354264607119
-0.8745802552048354
-0.21125755540631308
-0.8641286098052384
-0.22170920080591014
-0.8432253190060444
-0.24261249160510423
-0.8327736736064473
-0.25306413700470126
-0.8118703828072532
-0.2739674278038954
-0.790967092008059
-0.29487071860308944
-0.770063801208865
-0.3053223640026865
-0.7491605104096709
-0.3053223640026865
-0.7282572196104768
-0.31577400940228356
-0.7073539288112827
-0.3262256548018806
-0.6864506380120886
-0.3262256548018806
-0.6759989926124916
-0.3366773002014776
-0.6550957018132975
-0.3366773002014776
-0.6341924110141034
-0.34712894560107466
-0.6132891202149093
-0.34712894560107466
-0.5923858294157153
-0.34712894560107466
-0.5819341840161182
-0.34712894560107466
-0.5610308932169241
-0.34712894560107466
-0.54012760241773
-0.3366773002014776
-0.529675957018133
-0.3366773002014776
-0.5087726662189389
-0.3366773002014776
-0.4878693754197448
-0.3262256548018806
-0.4774177300201477
-0.3262256548018806
-0.45651443922095364
-0.31577400940228356
-0.4460627938213566
-0.3053223640026865
-0.4251595030221625
-0.29487071860308944
-0.4042562122229684
-0.2844190732034924
-0.39380456682337134
-0.2739674278038954
-0.3833529214237743
-0.2635157824042983
-0.36244963062458024
-0.25306413700470126
-0.35199798522498316
-0.23216084620550717
-0.3310946944257891
-0.22170920080591014
-0.32064304902619206
-0.21125755540631308
-0.310191403626595
-0.20080591000671605
-0.29973975822699794
-0.17990261920752196
-0.2892881128274009
-0.1694509738079249
-0.2788364674278039
-0.1485476830087308
-0.2683848220282068
-0.12764439220953672
-0.25793317662860976
-0.12764439220953672
-0.24748153122901273
-0.10674110141034264
-0.23702988582941567
-0.08583781061114855
-0.23702988582941567
-0.06493451981195446
-0.22657824042981864
-0.05448287441235741
-0.21612659503022158
-0.04403122901276037
-0.21612659503022158
-0.023127938213566273
-0.20567494963062455
0.008226997985224863
-0.20567494963062455
0.029130288784418954
-0.20567494963062455
0.05003357958361304
-0.1952233042310275
0.07093687038280713
-0.1952233042310275
0.08138851578240418
-0.1952233042310275
0.10229180658159827
-0.1952233042310275
0.12319509738079236
-0.1952233042310275
0.14409838817998646
-0.18477165883143046
0.16500167897918055
-0.1952233042310275
0.19635661517797168
-0.1952233042310275
0.20680826057756874
-0.1952233042310275
0.22771155137676283
-0.1952233042310275
0.24861484217595692
-0.1952233042310275
0.269518132975151
-0.20567494963062455
0.2904214237743451
-0.20567494963062455
0.30087306917394213
-0.20567494963062455
0.32177635997313625
-0.21612659503022158
0.3426796507723303
-0.22657824042981864
0.35313129617192734
-0.22657824042981864
0.37403458697112146
-0.23702988582941567
0.3844862323707185
-0.23702988582941567
0.3949378777703155
-0.23702988582941567
0.4053895231699126
-0.24748153122901273
0.41584116856950964
-0.24748153122901273
0.4053895231699126
-0.25793317662860976
0.3844862323707185
-0.2683848220282068
0.36358294157152443
-0.2683848220282068
0.3426796507723303
-0.2788364674278039
0.32177635997313625
-0.2788364674278039
0.31132471457353916
-0.2788364674278039
0.2904214237743451
-0.2892881128274009
0.27996977837474807
-0.2892881128274009
0.25906648757555395
-0.2892881128274009
0.24861484217595692
-0.29973975822699794
0.23816319677635986
-0.29973975822699794
0.22771155137676283
-0.29973975822699794
0.21725990597716577
-0.29973975822699794
0.20680826057756874
-0.29973975822699794
0.19635661517797168
-0.29973975822699794
0.18590496977837465
-0.29973975822699794
0.1754533243787776
-0.29973975822699794
0.16500167897918055
-0.29973975822699794
0.14409838817998646
-0.29973975822699794
0.1336467427803894
-0.29973975822699794
0.11274345198119531
-0.2892881128274009
0.09184016118200122
-0.2892881128274009
0.08138851578240418
-0.2892881128274009
0.06048522498321009
-0.2892881128274009
0.039581934184015996
-0.2788364674278039
0.01867864338482191
-0.2788364674278039
-0.0022246474143721826
-0.2788364674278039
-0.023127938213566273
-0.2683848220282068
-0.04403122901276037
-0.2683848220282068
-0.06493451981195446
-0.25793317662860976
-0.0753861652115515
-0.24748153122901273
-0.0962894560107456
-0.23702988582941567
-0.11719274680993969
-0.22657824042981864
-0.12764439220953672
-0.22657824042981864
-0.1485476830087308
-0.21612659503022158
-0.1694509738079249
-0.20567494963062455
-0.17990261920752196
-0.1952233042310275
-0.20080591000671605
-0.18477165883143046
-0.22170920080591014
-0.1743200134318334
-0.23216084620550717
-0.16386836803223637
-0.25306413700470126
-0.1534167226326393
-0.2635157824042983
-0.14296507723304228
-0.2844190732034924
-0.12206178643384819
-0.3053223640026865
-0.11161014103425114
-0.31577400940228356
-0.1011584956346541
-0.3366773002014776
-0.09070685023505705
-0.34712894560107466
-0.06980355943586296
-0.3680322364002688
-0.04890026863666887
-0.3784838817998658
-0.03844862323707182
-0.3993871725990599
-0.01754533243787773
-0.40983881799865696
-0.01754533243787773
-0.420290463398254
0.0033579583613163617
-0.430742108797851
0.013809603760913407
-0.4411937541974481
0.034712894560107496
-0.4411937541974481
0.05561618535930159
-0.45164539959704514
0.06606783075889863
-0.46209704499664217
0.07651947615849568
-0.4725486903962392
0.09742276695768977
-0.4725486903962392
0.11832605775688386
-0.4830003357958363
0.13922934855607796
-0.4934519811954333
0.16013263935527206
-0.4934519811954333
0.1705842847548691
-0.4934519811954333
0.19148757555406318
-0.5039036265950304
0.21239086635325727
-0.5039036265950304
0.23329415715245136
-0.5039036265950304
0.25419744795164545
-0.5039036265950304
0.2855523841504366
-0.4934519811954333
0.29600402955003363
-0.4934519811954333
0.3273589657488248
-0.4934519811954333
0.34826225654801884
-0.4934519811954333
0.37961719274681
-0.4830003357958363
0.4005204835460041
-0.4830003357958363
0.4214237743451982
-0.4830003357958363
0.4318754197447952
-0.4725486903962392
0.46323035594358636
-0.46209704499664217
0.4841336467427805
-0.45164539959704514
0.5050369375419745
-0.4411937541974481
0.5363918737407657
-0.430742108797851
0.5572951645399598
-0.420290463398254
0.5781984553391538
-0.40983881799865696
0.599101746138348
-0.3993871725990599
0.6304566823371391
-0.38893552719946284
0.6513599731363332
-0.3680322364002688
0.6722632639355273
-0.3680322364002688
0.6827149093351244
-0.34712894560107466
0.7140698455339155
-0.3366773002014776
0.7349731363331096
-0.31577400940228356
0.7558764271323036
-0.3053223640026865
0.7767797179314977
-0.2844190732034924
0.7872313633310948
-0.2739674278038954
0.7976830087306919
-0.25306413700470126
0.8185862995298859
-0.23216084620550717
0.83948959032908
-0.21125755540631308
0.8499412357286771
-0.190354264607119
0.8708445265278711
-0.17990261920752196
0.8708445265278711
-0.15899932840832787
0.8917478173270652
-0.13809603760913378
0.9021994627266623
-0.11719274680993969
0.9126511081262593
-0.0962894560107456
0.9126511081262593
-0.08583781061114855
0.9231027535258564
-0.05448287441235741
0.9231027535258564
-0.03357958361316332
0.9335543989254534
-0.012676292813969228
0.9335543989254534
0.01867864338482191
0.9440060443250504
0.05003357958361304
0.9440060443250504
0.06048522498321009
0.9440060443250504
0.08138851578240418
0.9544576897246475
0.11274345198119531
0.9544576897246475
0.1336467427803894
0.9544576897246475
0.1545500335795835
0.9649093351242446
0.16500167897918055
0.9649093351242446
0.18590496977837465
0.9649093351242446
0.20680826057756874
0.9649093351242446
0.22771155137676283
0.9649093351242446
0.24861484217595692
0.9649093351242446
0.269518132975151
0.9649093351242446
0.27996977837474807
0.9649093351242446
0.30087306917394213
0.9649093351242446
0.3322280053727333
0.9649093351242446
0.35313129617192734
0.9649093351242446
0.37403458697112146
0.9544576897246475
0.3949378777703155
0.9544576897246475
0.41584116856950964
0.9544576897246475
0.4367444593687037
0.9544576897246475
0.4576477501678978
0.9440060443250504
0.4785510409670919
0.9335543989254534
0.509905977165883
0.9335543989254534
0.5308092679650771
0.9231027535258564
0.5517125587642713
0.9231027535258564
0.5726158495634653
0.9231027535258564
0.5935191403626594
0.9126511081262593
0.6039707857622565
0.9021994627266623
0.6353257219610476
0.9021994627266623
0.6562290127602417
0.8917478173270652
0.6771323035594358
0.8917478173270652
0.6980355943586298
0.8812961719274682
0.7084872397582269
0.8812961719274682
0.729390530557421
0.8708445265278711
0.750293821356615
0.8708445265278711
0.7711971121558092
0.8603928811282741
0.7921004029550033
0.8499412357286771
0.8025520483546004
0.8499412357286771
0.8130036937541973
0.83948959032908
0.8339069845533914
0.83948959032908
0.8443586299529885
0.8290379449294829
0.8548102753525856
0.8185862995298859
0.8652619207521826
0.8185862995298859
0.8652619207521826
0.8081346541302888
0
0
0
1
