-0.3798479248969882
-0.41812157512425124
-0.3864746612293445
-0.4247483114566076
-0.3864746612293445
-0.43137504778896385
-0.3864746612293445
-0.4380017841213202
-0.3864746612293445
-0.4446285204536765
-0.3864746612293445
-0.45125525678603284
-0.3798479248969882
-0.4578819931183891
-0.3798479248969882
-0.46450872945074545
-0.3732211885646319
-0.47776220211545806
-0.3732211885646319
-0.4910156747801707
-0.3732211885646319
-0.497642411112527
-0.36659445223227555
-0.497642411112527
-0.35996771589991927
-0.5108958837772396
-0.35334097956756294
-0.5175226201095959
-0.3467142432352066
-0.5241493564419523
-0.34008750690285033
-0.5307760927743086
-0.333460770570494
-0.5307760927743086
-0.32683403423813767
-0.5374028291066649
-0.3202072979057814
-0.5440295654390213
-0.31358056157342507
-0.5506563017713775
-0.3003270889087124
-0.5572830381037338
-0.2937003525763561
-0.5572830381037338
-0.2870736162439998
-0.5639097744360901
-0.28044687991164347
-0.5639097744360901
-0.2738201435792872
-0.5705365107684465
-0.2605666709145745
-0.5771632471008028
-0.25393993458221825
-0.5771632471008028
-0.24731319824986192
-0.5837899834331591
-0.2406864619175056
-0.5837899834331591
-0.22743298925279298
-0.5837899834331591
-0.22080625292043665
-0.5837899834331591
-0.21417951658808035
-0.5837899834331591
-0.20092604392336771
-0.5837899834331591
-0.1942993075910114
-0.5837899834331591
-0.18767257125865508
-0.5837899834331591
-0.17441909859394245
-0.5837899834331591
-0.16779236226158614
-0.5837899834331591
-0.1545388895968735
-0.5771632471008028
-0.1479121532645172
-0.5771632471008028
-0.14128541693216087
-0.5705365107684465
-0.13465868059980457
-0.5705365107684465
-0.12140520793509195
-0.5639097744360901
-0.11477847160273563
-0.5572830381037338
-0.10815173527037932
-0.5506563017713775
-0.09489826260566668
-0.5440295654390213
-0.08164478994095406
-0.5374028291066649
-0.07501805360859774
-0.5241493564419523
-0.06839131727624143
-0.5175226201095959
-0.0551378446115288
-0.5042691474448834
-0.04851110827917249
-0.4910156747801707
-0.04851110827917249
-0.4843889384478144
-0.04188437194681617
-0.4711354657831018
-0.03525763561445986
-0.45125525678603284
-0.028630899282103543
-0.4380017841213202
-0.02200416294974723
-0.41812157512425124
-0.015377426617390916
-0.40486810245953864
-0.0087506902850346
-0.391614629794826
-0.0087506902850346
-0.37836115713011337
-0.0021239539526782866
-0.35848094813304443
0.004502782379678028
-0.34522747546833177
0.004502782379678028
-0.33197400280361916
0.011129518712034343
-0.31872053013890655
0.011129518712034343
-0.3120937938065502
0.017756255044390656
-0.2922135848094813
0.02438299137674697
-0.2789601121447686
0.02438299137674697
-0.2590799031476997
0.02438299137674697
-0.24582643048298708
0.031009727709103284
-0.23919969415063075
0.031009727709103284
-0.2193194851535618
0.0376364640414596
-0.20606601248884918
0.0376364640414596
-0.19281253982413657
0.04426320037381591
-0.17293233082706763
0.04426320037381591
-0.15305212182999867
0.05088993670617223
-0.14642538549764236
0.05088993670617223
-0.12654517650057343
0.05088993670617223
-0.11329170383586079
0.05088993670617223
-0.08678475850643554
0.05751667303852854
-0.06690454950936658
0.05751667303852854
-0.04702434051229765
0.05751667303852854
-0.040397604179941336
0.05751667303852854
-0.02051739518287239
0.06414340937088485
-6.371861858034482E-4
0.06414340937088485
0.019243022811265494
0.07077014570324117
0.039123231808334435
0.07077014570324117
0.04574996814069075
0.07077014570324117
0.06563017713775969
0.07077014570324117
0.08551038613482864
0.07077014570324117
0.09876385879954126
0.07077014570324117
0.11864406779661021
0.07739688203559748
0.13852427679367915
0.07739688203559748
0.1517777494583918
0.07739688203559748
0.17165795845546072
0.07739688203559748
0.19153816745252966
0.0840236183679538
0.2114183764495986
0.0840236183679538
0.23129858544666754
0.0840236183679538
0.24455205811138017
0.0840236183679538
0.26443226710844914
0.0840236183679538
0.27768573977316174
0.09065035470031012
0.2975659487702307
0.09065035470031012
0.32407289409965595
0.09065035470031012
0.3439531030967249
0.09065035470031012
0.3505798394290812
0.09065035470031012
0.37046004842615016
0.09727709103266642
0.3969669937555754
0.09727709103266642
0.41684720275264436
0.09727709103266642
0.4367274117497133
0.09065035470031012
0.45660762074678224
0.09065035470031012
0.46986109341149485
0.09727709103266642
0.4897413024085638
0.09727709103266642
0.5096215114056327
0.09727709103266642
0.5295017204027017
0.09065035470031012
0.5493819293997706
0.09727709103266642
0.5560086657321269
0.09065035470031012
0.5758888747291959
0.09065035470031012
0.5957690837262648
0.09065035470031012
0.6090225563909775
0.09065035470031012
0.6289027653880465
0.0840236183679538
0.642156238052759
0.0840236183679538
0.6554097107174717
0.0840236183679538
0.6686631833821843
0.0840236183679538
0.6885433923792532
0.0840236183679538
0.7084236013763222
0.0840236183679538
0.7216770740410348
0.0840236183679538
0.7283038103733911
0.07739688203559748
0.7481840193704601
0.07739688203559748
0.7614374920351726
0.07077014570324117
0.7813177010322416
0.06414340937088485
0.7945711736969543
0.06414340937088485
0.8144513826940232
0.06414340937088485
0.8210781190263795
0.05751667303852854
0.8343315916910922
0.05088993670617223
0.854211800688161
0.05088993670617223
0.8674652733528737
0.04426320037381591
0.8807187460175864
0.04426320037381591
0.8873454823499427
0.0376364640414596
0.9005989550146553
0.031009727709103284
0.9204791640117242
0.031009727709103284
0.9337326366764369
0.02438299137674697
0.9403593730087931
0.017756255044390656
0.9536128456735058
0.017756255044390656
0.9602395820058621
0.004502782379678028
0.9734930546705748
-0.0021239539526782866
0.980119791002931
-0.0087506902850346
0.980119791002931
-0.015377426617390916
0.9867465273352873
-0.02200416294974723
0.9867465273352873
-0.028630899282103543
0.9933732636676437
-0.03525763561445986
0.9933732636676437
-0.04851110827917249
0.9933732636676437
-0.0551378446115288
1.0
-0.06839131727624143
1.0
-0.06839131727624143
0.9933732636676437
-0.08164478994095406
0.9933732636676437
-0.08827152627331038
0.9867465273352873
-0.101524998938023
0.980119791002931
-0.10815173527037932
0.980119791002931
-0.11477847160273563
0.9668663183382185
-0.12140520793509195
0.9602395820058621
-0.12803194426744827
0.9469861093411495
-0.13465868059980457
0.9337326366764369
-0.13465868059980457
0.9204791640117242
-0.14128541693216087
0.9072256913470116
-0.1479121532645172
0.9005989550146553
-0.1479121532645172
0.8807187460175864
-0.1545388895968735
0.8674652733528737
-0.1545388895968735
0.8475850643558047
-0.16116562592922984
0.8277048553587358
-0.16116562592922984
0.8078246463616668
-0.16116562592922984
0.8011979100293106
-0.16116562592922984
0.7813177010322416
-0.16779236226158614
0.7614374920351726
-0.16779236226158614
0.7349305467057474
-0.16779236226158614
0.7150503377086785
-0.16116562592922984
0.6885433923792532
-0.16116562592922984
0.6819166560468969
-0.16116562592922984
0.6554097107174717
-0.16116562592922984
0.6289027653880465
-0.1545388895968735
0.6090225563909775
-0.1545388895968735
0.5825156110615523
-0.1479121532645172
0.5626354020644833
-0.1479121532645172
0.5493819293997706
-0.14128541693216087
0.5295017204027017
-0.14128541693216087
0.5096215114056327
-0.13465868059980457
0.4897413024085638
-0.13465868059980457
0.4764878297438512
-0.12803194426744827
0.46323435707913857
-0.12803194426744827
0.44335414808206963
-0.12803194426744827
0.42347393908500064
-0.12140520793509195
0.4035937300879317
-0.11477847160273563
0.38371352109086276
-0.11477847160273563
0.3638333120937938
-0.10815173527037932
0.3572065757614375
-0.10815173527037932
0.3306996304320123
-0.101524998938023
0.3174461577672996
-0.09489826260566668
0.2975659487702307
-0.09489826260566668
0.27768573977316174
-0.08827152627331038
0.26443226710844914
-0.08827152627331038
0.2511787944437365
-0.08164478994095406
0.23792532177902387
-0.07501805360859774
0.21804511278195493
-0.06839131727624143
0.19816490378488597
-0.06839131727624143
0.17828469478781703
-0.061764580943885115
0.17165795845546072
-0.0551378446115288
0.1517777494583918
-0.0551378446115288
0.13189754046132285
-0.04851110827917249
0.11864406779661021
-0.04188437194681617
0.09876385879954126
-0.04188437194681617
0.08551038613482864
-0.03525763561445986
0.07888364980247232
-0.03525763561445986
0.05900344080540338
-0.028630899282103543
0.039123231808334435
-0.028630899282103543
0.025869759143621808
-0.02200416294974723
0.005989550146552866
-0.015377426617390916
-0.013890658850516076
-0.015377426617390916
-0.027144131515228705
-0.0087506902850346
-0.04702434051229765
-0.0087506902850346
-0.06690454950936658
-0.0021239539526782866
-0.08678475850643554
0.004502782379678028
-0.10003823117114816
0.004502782379678028
-0.10666496750350447
0.004502782379678028
-0.12654517650057343
0.011129518712034343
-0.13979864916528606
0.017756255044390656
-0.15305212182999867
0.017756255044390656
-0.17293233082706763
0.02438299137674697
-0.18618580349178024
0.031009727709103284
-0.19943927615649287
0.031009727709103284
-0.2126927488212055
0.0376364640414596
-0.23257295781827445
0.0376364640414596
-0.24582643048298708
0.04426320037381591
-0.2590799031476997
0.04426320037381591
-0.2789601121447686
0.05088993670617223
-0.28558684847712495
0.05751667303852854
-0.29884032114183756
0.05751667303852854
-0.3120937938065502
0.06414340937088485
-0.32534726647126283
0.07077014570324117
-0.34522747546833177
0.07077014570324117
-0.3518542118006881
0.07739688203559748
-0.3651076844654007
0.0840236183679538
-0.3849878934624697
0.0840236183679538
-0.40486810245953864
0.09065035470031012
-0.41812157512425124
0.09727709103266642
-0.4380017841213202
0.09727709103266642
-0.4446285204536765
0.10390382736502274
-0.4578819931183891
0.11053056369737906
-0.4711354657831018
0.11053056369737906
-0.4843889384478144
0.11715730002973537
-0.497642411112527
0.11715730002973537
-0.5042691474448834
0.11715730002973537
-0.5175226201095959
0.12378403636209169
-0.5241493564419523
0.130410772694448
-0.5374028291066649
0.1370375090268043
-0.5440295654390213
0.1370375090268043
-0.5572830381037338
0.1370375090268043
-0.5639097744360901
0.14366424535916061
-0.5705365107684465
0.15029098169151694
-0.5837899834331591
0.15029098169151694
-0.5904167197655155
0.15691771802387325
-0.5970434560978717
0.15691771802387325
-0.6102969287625843
0.15691771802387325
-0.6169236650949407
0.16354445435622958
-0.6169236650949407
0.16354445435622958
-0.623550401427297
0.16354445435622958
-0.6169236650949407
0.16354445435622958
-0.6102969287625843
0.16354445435622958
-0.603670192430228
0.16354445435622958
-0.5904167197655155
0.16354445435622958
-0.5837899834331591
0.16354445435622958
-0.5771632471008028
0.16354445435622958
-0.5705365107684465
0.16354445435622958
-0.5639097744360901
0.16354445435622958
-0.5572830381037338
0.16354445435622958
-0.5506563017713775
0.17017119068858588
-0.5374028291066649
0.17017119068858588
-0.5241493564419523
0.17017119068858588
-0.5175226201095959
0.17679792702094219
-0.5108958837772396
0.17679792702094219
-0.497642411112527
0.17679792702094219
-0.4910156747801707
0.17679792702094219
-0.4843889384478144
0.18342466335329852
-0.4711354657831018
0.18342466335329852
-0.46450872945074545
0.18342466335329852
-0.45125525678603284
0.19005139968565482
-0.4446285204536765
0.19005139968565482
-0.4380017841213202
0.19005139968565482
-0.43137504778896385
0.19667813601801115
-0.41812157512425124
0.19667813601801115
-0.4114948387918949
0.20330487235036745
-0.40486810245953864
0.20993160868272376
-0.3982413661271823
0.20330487235036745
-0.391614629794826
0.20993160868272376
-0.37836115713011337
0.2165583450150801
-0.37173442079775704
0.2231850813474364
-0.3651076844654007
0.22981181767979272
-0.35848094813304443
0.22981181767979272
-0.3518542118006881
0.22981181767979272
-0.34522747546833177
0.23643855401214903
-0.3386007391359755
0.24306529034450533
-0.33197400280361916
0.24969202667686166
-0.32534726647126283
0.25631876300921796
-0.31872053013890655
0.2629454993415743
-0.3120937938065502
0.26957223567393057
-0.3120937938065502
0.2761989720062869
-0.3054670574741939
0.28282570833864323
-0.3054670574741939
0.29607918100335584
-0.29884032114183756
0.30270591733571217
-0.29884032114183756
0.3159593900004248
-0.3054670574741939
0.32921286266513744
-0.3054670574741939
0.34246633532985005
-0.3054670574741939
0.3490930716622064
-0.3120937938065502
0.362346544326919
-0.32534726647126283
0.3689732806592753
-0.32534726647126283
0
0
1
0
