-0.7189933499789869
1.0
-0.7117500185409508
0.9927566685619639
-0.7045066871029145
0.9782700056858916
-0.7045066871029145
0.9710266742478554
-0.6972633556648784
0.9637833428098193
-0.6900200242268423
0.949296679933747
-0.6827766927888061
0.9348100170576747
-0.67553336135077
0.9203233541816024
-0.6682900299127339
0.898593359867494
-0.6682900299127339
0.8913500284294579
-0.6610466984746978
0.8768633655533856
-0.6538033670366615
0.8623767026773133
-0.6465600355986254
0.847890039801241
-0.6393167041605893
0.8261600454871325
-0.6320733727225532
0.8116733826110603
-0.6320733727225532
0.8044300511730241
-0.624830041284517
0.7827000568589157
-0.6175867098464809
0.7682133939828434
-0.6103433784084448
0.746483399668735
-0.6031000469704085
0.7247534053546265
-0.5958567155323724
0.7030234110405181
-0.5886133840943363
0.695780079602482
-0.5813700526563002
0.6740500852883735
-0.5668833897802279
0.645076759536229
-0.5596400583421918
0.6233467652221205
-0.5451533954661194
0.6016167709080121
-0.5379100640280833
0.5726434451558675
-0.5306667325900472
0.5654001137178314
-0.523423401152011
0.5364267879656869
-0.5089367382759387
0.5146967936515784
-0.5016934068379025
0.49296679933747
-0.4944500753998664
0.4639934735853254
-0.4872067439618303
0.44950681070925314
-0.472720081085758
0.42053348495710857
-0.46547674964772184
0.39156015920496395
-0.4509900867716496
0.3698301648908556
-0.4437467553336134
0.34085683913871095
-0.42926009245754115
0.3191268448246026
-0.42201676101950497
0.30464018194853026
-0.41477342958146884
0.2756668561963857
-0.4075300981434327
0.25393686188227726
-0.4002867667053966
0.2249635361301327
-0.3858001038293243
0.20323354181602427
-0.37855677239128815
0.17426021606387967
-0.37131344095325197
0.1597735531878074
-0.36407010951521585
0.13080022743566283
-0.3495834466391436
0.1090702331215544
-0.3423401152011074
0.08009690736940983
-0.32785345232503516
0.0583669130553014
-0.320610120886999
0.029393587303156825
-0.31336678944896285
0.022150255865120684
-0.2988801265728906
-0.006823069887023889
-0.2843934636968183
-0.02855306420113232
-0.269906800820746
-0.050283058515240744
-0.26266346938270985
-0.07925638426738532
-0.2554201379446737
-0.08649971570542146
-0.2409334750686014
-0.11547304145756604
-0.22644681219252913
-0.13720303577167448
-0.21196014931645685
-0.16617636152381904
-0.19747348644038457
-0.1951496872759636
-0.18298682356431228
-0.21687968159007204
-0.17574349212627613
-0.23136634446614432
-0.16850016068823997
-0.2530963387802527
-0.1540134978121677
-0.27482633309436116
-0.14677016637413157
-0.2965563274084696
-0.1395268349360954
-0.31828632172257804
-0.12504017206002313
-0.3400163160366865
-0.12504017206002313
-0.3472596474747226
-0.11055350918395085
-0.36898964178883104
-0.1033101777459147
-0.38347630466490334
-0.08882351486984241
-0.4052062989790118
-0.08158018343180627
-0.42693629329312016
-0.07433685199377013
-0.43417962473115634
-0.05985018911769784
-0.4559096190452648
-0.0526068576796617
-0.47039628192133703
-0.03812019480358941
-0.49212627623544547
-0.02363353192751713
-0.5066129391115177
-0.016390200489480984
-0.5283429334256262
-0.0019035376134086978
-0.5283429334256262
0.005339793824627445
-0.5428295963016985
0.01982645670069973
-0.5573162591777707
0.027069788138735874
-0.5718029220538431
0.04155645101480816
-0.5862895849299153
0.056043113890880444
-0.5935329163679515
0.056043113890880444
-0.6007762478059876
0.07052977676695274
-0.61526291068206
0.08501643964302502
-0.6225062421200961
0.09225977108106116
-0.6297495735581322
0.10674643395713344
-0.6442362364342045
0.12123309683320574
-0.6514795678722406
0.13571975970927802
-0.6587228993102767
0.1502064225853503
-0.665966230748313
0.15744975402338646
-0.665966230748313
0.16469308546142258
-0.665966230748313
0.17193641689945874
-0.665966230748313
0.18642307977553102
-0.6732095621863491
0.19366641121356717
-0.6732095621863491
0.20815307408963946
-0.665966230748313
0.21539640552767558
-0.665966230748313
0.22263973696571174
-0.665966230748313
0.2298830684037479
-0.6587228993102767
0.23712639984178402
-0.6587228993102767
0.24436973127982017
-0.6514795678722406
0.25161306271785633
-0.6442362364342045
0.25885639415589246
-0.6369929049961683
0.2660997255939286
-0.6297495735581322
0.2660997255939286
-0.6225062421200961
0.27334305703196476
-0.61526291068206
0.27334305703196476
-0.6007762478059876
0.2805863884700009
-0.5935329163679515
0.2805863884700009
-0.5862895849299153
0.2805863884700009
-0.5790462534918792
0.2805863884700009
-0.5718029220538431
0.287829719908037
-0.5573162591777707
0.287829719908037
-0.5500729277397346
0.2805863884700009
-0.5355862648636623
0.2805863884700009
-0.5210996019875901
0.2805863884700009
-0.5138562705495539
0.2805863884700009
-0.4993696076734816
0.27334305703196476
-0.48488294479740934
0.2660997255939286
-0.47039628192133703
0.25885639415589246
-0.4559096190452648
0.25885639415589246
-0.44142295616919247
0.25161306271785633
-0.43417962473115634
0.24436973127982017
-0.42693629329312016
0.23712639984178402
-0.4124496304170479
0.2298830684037479
-0.4052062989790118
0.22263973696571174
-0.39071963610293947
0.22263973696571174
-0.38347630466490334
0.21539640552767558
-0.37623297322686716
0.2009097426516033
-0.36898964178883104
0.19366641121356717
-0.3545029789127588
0.1791797483374949
-0.3472596474747226
0.17193641689945874
-0.3400163160366865
0.16469308546142258
-0.33277298459865035
0.15744975402338646
-0.32552965316061416
0.1502064225853503
-0.31828632172257804
0.14296309114731418
-0.3110429902845419
0.13571975970927802
-0.3037996588465058
0.12847642827124187
-0.2965563274084696
0.12123309683320574
-0.2893129959704335
0.1139897653951696
-0.28206966453239735
0.10674643395713344
-0.27482633309436116
0.0995031025190973
-0.26758300165632504
0.08501643964302502
-0.2603396702182889
0.08501643964302502
-0.2530963387802527
0.07777310820498888
-0.2530963387802527
0.06328644532891659
-0.2458530073422166
0.056043113890880444
-0.2458530073422166
0.048799782452844304
-0.23860967590418047
0.04155645101480816
-0.23860967590418047
0.04155645101480816
-0.23136634446614432
0.034313119576772015
-0.23136634446614432
0.027069788138735874
-0.23136634446614432
0.01982645670069973
-0.23136634446614432
0.012583125262663588
-0.23136634446614432
0.005339793824627445
-0.23136634446614432
-0.0019035376134086978
-0.23136634446614432
0.005339793824627445
-0.23136634446614432
0.012583125262663588
-0.23136634446614432
0.01982645670069973
-0.23860967590418047
0.034313119576772015
-0.23860967590418047
0.048799782452844304
-0.2458530073422166
0.056043113890880444
-0.2458530073422166
0.06328644532891659
-0.2458530073422166
0.07777310820498888
-0.2530963387802527
0.09225977108106116
-0.2530963387802527
0.10674643395713344
-0.2530963387802527
0.12123309683320574
-0.2530963387802527
0.13571975970927802
-0.2530963387802527
0.1502064225853503
-0.2530963387802527
0.16469308546142258
-0.2530963387802527
0.1791797483374949
-0.2458530073422166
0.18642307977553102
-0.2458530073422166
0.2009097426516033
-0.2458530073422166
0.21539640552767558
-0.23860967590418047
0.2298830684037479
-0.23860967590418047
0.24436973127982017
-0.23136634446614432
0.25885639415589246
-0.2241230130281082
0.2660997255939286
-0.21687968159007204
0.27334305703196476
-0.21687968159007204
0.287829719908037
-0.20963635015203588
0.29507305134607315
-0.20239301871399976
0.3023163827841093
-0.1951496872759636
0.30955971422214545
-0.18790635583792747
0.3168030456601816
-0.18790635583792747
0.32404637709821776
-0.18066302439989132
0.32404637709821776
-0.1734196929618552
0.3312897085362539
-0.16617636152381904
0.33853303997429
-0.15893303008578288
0.33853303997429
-0.15168969864774676
0.34577637141232614
-0.1444463672097106
0.3530197028503623
-0.13720303577167448
0.36026303428839845
-0.12995970433363832
0.3675063657264346
-0.11547304145756604
0.3675063657264346
-0.1082297100195299
0.37474969716447076
-0.10098637858149374
0.37474969716447076
-0.0937430471434576
0.3819930286025069
-0.07925638426738532
0.3819930286025069
-0.06476972139131304
0.389236360040543
-0.050283058515240744
0.389236360040543
-0.043039727077204604
0.389236360040543
-0.03579639563916846
0.389236360040543
-0.014066401325060032
0.389236360040543
-0.006823069887023889
0.389236360040543
0.0076635929890483965
0.389236360040543
0.01490692442708454
0.389236360040543
0.029393587303156825
0.389236360040543
0.04388025017922911
0.389236360040543
0.0583669130553014
0.389236360040543
0.07285357593137369
0.3819930286025069
0.08734023880744597
0.389236360040543
0.09458357024548211
0.3819930286025069
0.1090702331215544
0.37474969716447076
0.12355689599762669
0.3675063657264346
0.1452868903117351
0.3675063657264346
0.1597735531878074
0.36026303428839845
0.16701688462584355
0.3530197028503623
0.18150354750191583
0.34577637141232614
0.1959902103779881
0.33853303997429
0.2104768732540604
0.3312897085362539
0.2249635361301327
0.32404637709821776
0.23945019900620498
0.32404637709821776
0.2466935304442411
0.3168030456601816
0.2611801933203134
0.30955971422214545
0.2684235247583496
0.3023163827841093
0.28291018763442183
0.29507305134607315
0.29015351907245795
0.29507305134607315
0.29739685051049414
0.2805863884700009
0.30464018194853026
0.27334305703196476
0.3118835133865664
0.2660997255939286
0.3191268448246026
0.25885639415589246
0.3263701762626387
0.24436973127982017
0.3336135077006748
0.24436973127982017
0.34085683913871095
0.2298830684037479
0.34810017057674714
0.22263973696571174
0.34810017057674714
0.20815307408963946
0.3625868334528194
0.19366641121356717
0.3625868334528194
0.18642307977553102
0.3625868334528194
0.17193641689945874
0.3698301648908556
0.16469308546142258
0.3698301648908556
0.1502064225853503
0.3770734963288917
0.13571975970927802
0.3770734963288917
0.12847642827124187
0.3770734963288917
0.1139897653951696
0.3770734963288917
0.0995031025190973
0.3843168277669278
0.09225977108106116
0.3843168277669278
0.07777310820498888
0.3843168277669278
0.06328644532891659
0.3843168277669278
0.056043113890880444
0.3843168277669278
0.048799782452844304
0.3843168277669278
0.034313119576772015
0.3843168277669278
0.01982645670069973
0.3843168277669278
0.012583125262663588
0.3843168277669278
0.005339793824627445
0.3843168277669278
-0.009146869051444842
0.3770734963288917
-0.016390200489480984
0.3770734963288917
-0.03087686336555327
0.3770734963288917
-0.03812019480358941
0.3770734963288917
-0.0526068576796617
0.3698301648908556
-0.05985018911769784
0.3698301648908556
-0.06709352055573399
0.3625868334528194
-0.08158018343180627
0.35534350201478326
-0.09606684630787855
0.35534350201478326
-0.1033101777459147
0.34810017057674714
-0.11055350918395085
0.34085683913871095
-0.11779684062198699
0.34085683913871095
-0.12504017206002313
0.3336135077006748
-0.13228350349805928
0.3336135077006748
-0.1395268349360954
0.3336135077006748
-0.14677016637413157
0.3263701762626387
-0.1540134978121677
0.3191268448246026
-0.16125682925020385
0.3191268448246026
-0.16125682925020385
0.3118835133865664
-0.16850016068823997
0.30464018194853026
-0.17574349212627613
0.29739685051049414
-0.18298682356431228
0.29015351907245795
-0.1902301550023484
0.28291018763442183
-0.19747348644038457
0.2756668561963857
-0.19747348644038457
0.2684235247583496
-0.2047168178784207
0.2611801933203134
-0.2047168178784207
0.25393686188227726
-0.21196014931645685
0.2466935304442411
-0.21196014931645685
0.23945019900620498
-0.219203480754493
0.23220686756816883
-0.219203480754493
0.2249635361301327
-0.22644681219252913
0.21772020469209655
-0.22644681219252913
0.2104768732540604
-0.22644681219252913
0.20323354181602427
-0.22644681219252913
0.1959902103779881
-0.22644681219252913
0.18874687893995198
-0.23369014363056528
0.18874687893995198
0
1
0
0
