0.40580231989917964
-0.9316889997685245
0.39726344487024523
-0.940227874797459
0.38018569481237635
-0.940227874797459
0.3716468197834419
-0.940227874797459
0.3631079447545075
-0.9487667498263933
0.3460301946966386
-0.9487667498263933
0.3374913196677041
-0.9573056248553278
0.3289524446387697
-0.9573056248553278
0.3118746945809008
-0.9658444998842622
0.30333581955196637
-0.9743833749131967
0.2862580694940975
-0.9743833749131967
0.277719194465163
-0.9743833749131967
0.26064144440729414
-0.9829222499421311
0.25210256937835973
-0.9829222499421311
0.24356369434942526
-0.9829222499421311
0.23502481932049082
-0.9914611249710655
0.21794706926262195
-0.9914611249710655
0.20086931920475307
-0.9914611249710655
0.19233044417581863
-0.9914611249710655
0.17525269411794975
-0.9914611249710655
0.1667138190890153
-1.0
0.14963606903114643
-1.0
0.13255831897327755
-1.0
0.11548056891540866
-1.0
0.09840281885753976
-1.0
0.08132506879967089
-0.9914611249710655
0.07278619377073645
-0.9914611249710655
0.05570844371286757
-0.9914611249710655
0.04716956868393312
-0.9914611249710655
0.030091818626064238
-0.9829222499421311
0.013014068568195357
-0.9829222499421311
-0.004063681489673526
-0.9829222499421311
-0.012602556518607968
-0.9743833749131967
-0.02968030657647685
-0.9658444998842622
-0.03821918160541129
-0.9658444998842622
-0.055296931663280174
-0.9573056248553278
-0.07237468172114905
-0.9487667498263933
-0.08945243177901795
-0.940227874797459
-0.09799130680795239
-0.9316889997685245
-0.11506905686582126
-0.92315012473959
-0.1236079318947557
-0.9146112497106555
-0.1406856819526246
-0.9060723746817212
-0.15776343201049348
-0.8975334996527867
-0.16630230703942792
-0.8975334996527867
-0.1833800570972968
-0.8889946246238523
-0.19191893212623123
-0.8719168745659833
-0.2089966821841001
-0.863377999537049
-0.226074432241969
-0.8548391245081145
-0.23461330727090343
-0.84630024947918
-0.2431521822998379
-0.8377613744502456
-0.25169105732877234
-0.8292224994213112
-0.2687688073866412
-0.8206836243923767
-0.27730768241557563
-0.8036058743345078
-0.2858465574445101
-0.7950669993055735
-0.2943854324734445
-0.7779892492477045
-0.302924307502379
-0.7779892492477045
-0.31146318253131344
-0.7609114991898357
-0.31146318253131344
-0.7523726241609012
-0.32000205756024785
-0.7352948741030323
-0.32000205756024785
-0.7182171240451635
-0.3285409325891823
-0.709678249016229
-0.3285409325891823
-0.7011393739872945
-0.33707980761811673
-0.6926004989583601
-0.33707980761811673
-0.6755227489004912
-0.3456186826470512
-0.6669838738715568
-0.3456186826470512
-0.649906123813688
-0.3456186826470512
-0.632828373755819
-0.3541575576759856
-0.6157506236979501
-0.3541575576759856
-0.6072117486690157
-0.3541575576759856
-0.5986728736400813
-0.3626964327049201
-0.5901339986111468
-0.3626964327049201
-0.573056248553278
-0.3626964327049201
-0.555978498495409
-0.3541575576759856
-0.5474396234664746
-0.3541575576759856
-0.5303618734086057
-0.3541575576759856
-0.5218229983796713
-0.3456186826470512
-0.5047452483218023
-0.3456186826470512
-0.49620637329286793
-0.33707980761811673
-0.4876674982639335
-0.33707980761811673
-0.47058974820606464
-0.3285409325891823
-0.45351199814819576
-0.3285409325891823
-0.4449731231192613
-0.32000205756024785
-0.4278953730613924
-0.32000205756024785
-0.419356498032458
-0.31146318253131344
-0.41081762300352354
-0.302924307502379
-0.39373987294565466
-0.302924307502379
-0.3852009979167202
-0.2943854324734445
-0.3681232478588513
-0.2858465574445101
-0.35104549780098243
-0.27730768241557563
-0.342506622772048
-0.2687688073866412
-0.32542887271417914
-0.26022993235770675
-0.3168899976852447
-0.25169105732877234
-0.2998122476273758
-0.2431521822998379
-0.2912733725984414
-0.23461330727090343
-0.2827344975695069
-0.226074432241969
-0.2741956225405725
-0.21753555721303455
-0.26565674751163804
-0.2089966821841001
-0.24857899745376916
-0.20045780715516567
-0.24004012242483472
-0.19191893212623123
-0.24004012242483472
-0.1833800570972968
-0.22296237236696584
-0.17484118206836236
-0.2144234973380314
-0.16630230703942792
-0.20588462230909696
-0.15776343201049348
-0.1973457472801625
-0.1406856819526246
-0.1973457472801625
-0.1406856819526246
-0.18880687225122805
-0.13214680692369016
-0.1802679972222936
-0.11506905686582126
-0.17172912219335917
-0.10653018183688683
-0.17172912219335917
-0.09799130680795239
-0.16319024716442473
-0.08945243177901795
-0.1546513721354903
-0.08091355675008349
-0.1546513721354903
-0.07237468172114905
-0.14611249710655586
-0.06383580669221461
-0.14611249710655586
-0.055296931663280174
-0.13757362207762142
-0.046758056634345735
-0.12903474704868698
-0.03821918160541129
-0.12903474704868698
-0.02114143154754241
-0.12049587201975254
-0.012602556518607968
-0.12049587201975254
-0.004063681489673526
-0.1119569969908181
0.004475193539260915
-0.1119569969908181
0.0215529435971298
-0.10341812196188364
0.030091818626064238
-0.10341812196188364
0.03863069365499868
-0.0948792469329492
0.05570844371286757
-0.0948792469329492
0.064247318741802
-0.0948792469329492
0.07278619377073645
-0.0948792469329492
0.08132506879967089
-0.08634037190401476
0.09840281885753976
-0.08634037190401476
0.11548056891540866
-0.08634037190401476
0.1240194439443431
-0.08634037190401476
0.141097194002212
-0.07780149687508033
0.14963606903114643
-0.07780149687508033
0.15817494406008087
-0.07780149687508033
0.17525269411794975
-0.07780149687508033
0.19233044417581863
-0.07780149687508033
0.20086931920475307
-0.06926262184614589
0.21794706926262195
-0.06926262184614589
0.23502481932049082
-0.06926262184614589
0.24356369434942526
-0.06926262184614589
0.26064144440729414
-0.06926262184614589
0.2691803194362286
-0.06072374681721144
0.2862580694940975
-0.06072374681721144
0.2947969445230319
-0.06072374681721144
0.30333581955196637
-0.06072374681721144
0.3118746945809008
-0.06072374681721144
0.32041356960983525
-0.06072374681721144
0.3289524446387697
-0.06072374681721144
0.3374913196677041
-0.06072374681721144
0.3460301946966386
-0.06072374681721144
0.354569069725573
-0.06072374681721144
0.3631079447545075
-0.06072374681721144
0.3716468197834419
-0.06072374681721144
0.3631079447545075
-0.06072374681721144
0.3460301946966386
-0.06926262184614589
0.3374913196677041
-0.06926262184614589
0.32041356960983525
-0.06926262184614589
0.3118746945809008
-0.06926262184614589
0.30333581955196637
-0.07780149687508033
0.2947969445230319
-0.07780149687508033
0.2862580694940975
-0.07780149687508033
0.277719194465163
-0.07780149687508033
0.26064144440729414
-0.07780149687508033
0.25210256937835973
-0.07780149687508033
0.24356369434942526
-0.07780149687508033
0.23502481932049082
-0.07780149687508033
0.22648594429155638
-0.07780149687508033
0.21794706926262195
-0.08634037190401476
0.2094081942336875
-0.08634037190401476
0.19233044417581863
-0.08634037190401476
0.1837915691468842
-0.08634037190401476
0.17525269411794975
-0.08634037190401476
0.1667138190890153
-0.08634037190401476
0.15817494406008087
-0.08634037190401476
0.141097194002212
-0.08634037190401476
0.13255831897327755
-0.08634037190401476
0.11548056891540866
-0.08634037190401476
0.09840281885753976
-0.08634037190401476
0.08986394382860532
-0.08634037190401476
0.07278619377073645
-0.07780149687508033
0.064247318741802
-0.07780149687508033
0.05570844371286757
-0.07780149687508033
0.04716956868393312
-0.07780149687508033
0.030091818626064238
-0.06926262184614589
0.0215529435971298
-0.06926262184614589
0.013014068568195357
-0.06926262184614589
0.004475193539260915
-0.06926262184614589
-0.004063681489673526
-0.06926262184614589
-0.012602556518607968
-0.06072374681721144
-0.02968030657647685
-0.06072374681721144
-0.03821918160541129
-0.06072374681721144
-0.055296931663280174
-0.052184871788277
-0.06383580669221461
-0.04364599675934256
-0.07237468172114905
-0.04364599675934256
-0.08091355675008349
-0.04364599675934256
-0.09799130680795239
-0.03510712173040812
-0.10653018183688683
-0.03510712173040812
-0.1236079318947557
-0.03510712173040812
-0.1406856819526246
-0.026568246701473678
-0.1406856819526246
-0.018029371672539235
-0.15776343201049348
-0.018029371672539235
-0.17484118206836236
-0.009490496643604794
-0.19191893212623123
-9.51621614670352E-4
-0.2089966821841001
0.00758725341426409
-0.21753555721303455
0.01612612844319853
-0.226074432241969
0.024665003472132973
-0.2431521822998379
0.033203878501067416
-0.26022993235770675
0.041742753530001855
-0.2687688073866412
0.050281628558936295
-0.2858465574445101
0.05882050358787074
-0.2943854324734445
0.06735937861680517
-0.302924307502379
0.07589825364573963
-0.31146318253131344
0.08443712867467407
-0.3285409325891823
0.0929760037036085
-0.33707980761811673
0.11005375376147739
-0.3456186826470512
0.11859262879041182
-0.3626964327049201
0.1356703788482807
-0.37977418276278896
0.15274812890614958
-0.38831305779172337
0.1698258789640185
-0.39685193282065784
0.18690362902188737
-0.40539080784959225
0.20398137907975625
-0.4139296828785267
0.20398137907975625
-0.4224685579074612
0.22105912913762513
-0.4310074329363956
0.238136879195494
-0.4310074329363956
0.2552146292533629
-0.43954630796533006
0.2722923793112318
-0.43954630796533006
0.28937012936910067
-0.4480851829942645
0.2979090043980351
-0.4480851829942645
0.31498675445590396
-0.4480851829942645
0.33206450451377284
-0.45662405802319894
0.3491422545716417
-0.45662405802319894
0.3576811296005762
-0.45662405802319894
0.37475887965844507
-0.45662405802319894
0.38329775468737953
-0.45662405802319894
0.4003755047452484
-0.45662405802319894
0.4174532548031173
-0.45662405802319894
0.43453100486098617
-0.45662405802319894
0.45160875491885505
-0.4480851829942645
0.4686865049767239
-0.4480851829942645
0.4772253800056584
-0.43954630796533006
0.5028420050924617
-0.4310074329363956
0.528458630179265
-0.4310074329363956
0.5455363802371339
-0.4224685579074612
0.5626141302950027
-0.4139296828785267
0.5796918803528717
-0.4139296828785267
0.5882307553818061
-0.40539080784959225
0.605308505439675
-0.39685193282065784
0.6223862554975439
-0.38831305779172337
0.6309251305264784
-0.37977418276278896
0.6480028805843472
-0.37977418276278896
0.6565417556132817
-0.3712353077338545
0.6736195056711505
-0.3541575576759856
0.6821583807000849
-0.3456186826470512
0.6992361307579539
-0.33707980761811673
0.7077750057868882
-0.3285409325891823
0.7163138808158227
-0.3285409325891823
0.7248527558447572
-0.31146318253131344
0.7333916308736916
-0.302924307502379
0.7504693809315605
-0.2858465574445101
0.7675471309894294
-0.27730768241557563
0.7846248810472982
-0.2687688073866412
0.7931637560762327
-0.26022993235770675
0.8017026311051672
-0.2431521822998379
0.8102415061341016
-0.226074432241969
0.818780381163036
-0.2089966821841001
0.8358581312209049
-0.19191893212623123
0.8443970062498394
-0.17484118206836236
0.8529358812787738
-0.16630230703942792
0.8529358812787738
-0.1406856819526246
0.8614747563077082
-0.1236079318947557
0.8700136313366427
-0.09799130680795239
0.8785525063655771
-0.08091355675008349
0.8870913813945116
-0.07237468172114905
0.895630256423446
-0.055296931663280174
0.895630256423446
-0.03821918160541129
0.9041691314523804
-0.012602556518607968
0.9041691314523804
0.004475193539260915
0.9127080064813149
0.030091818626064238
0.9127080064813149
0.03863069365499868
0.9212468815102494
0.05570844371286757
0.9212468815102494
0.08132506879967089
0.9212468815102494
0.09840281885753976
0.9297857565391837
0.1240194439443431
0.9297857565391837
0.13255831897327755
0.9297857565391837
0.15817494406008087
0.9297857565391837
0.17525269411794975
0.9297857565391837
0.20086931920475307
0.9297857565391837
0.21794706926262195
0.9383246315681182
0.23502481932049082
0.9383246315681182
0.25210256937835973
0.9297857565391837
0.2691803194362286
0.9297857565391837
0.277719194465163
0.9297857565391837
0.30333581955196637
0.9297857565391837
0.32041356960983525
0.9297857565391837
0.3374913196677041
0.9297857565391837
0.354569069725573
0.9212468815102494
0.3716468197834419
0.9212468815102494
0.38872456984131076
0.9212468815102494
0.40580231989917964
0.9212468815102494
0.4143411949281141
0.9127080064813149
0.43995782001491746
0.9127080064813149
0.45703557007278633
0.9041691314523804
0.4741133201306552
0.895630256423446
0.4911910701885241
0.8870913813945116
0.508268820246393
0.8785525063655771
0.5253465703042618
0.8700136313366427
0.5424243203621307
0.8614747563077082
0.5595020704199996
0.8614747563077082
0.568040945448934
0.8529358812787738
0.585118695506803
0.8443970062498394
0.5936575705357374
0.8443970062498394
0.6107353205936062
0.8358581312209049
0.6278130706514752
0.8273192561919704
0.6363519456804095
0.818780381163036
0.6534296957382785
0.8102415061341016
0.6619685707672129
0.8102415061341016
0.6705074457961473
0.8017026311051672
0.6875851958540162
0.8017026311051672
0.7046629459118852
0.7931637560762327
0.7132018209408195
0.7846248810472982
0.721740695969754
0.7846248810472982
0.7388184460276229
0.7760860060183639
0.7473573210565573
0.7760860060183639
0.7644350711144262
0.7675471309894294
0.7729739461433607
0.7675471309894294
0.781512821172295
0.7590082559604949
0.7900516962012295
0.7590082559604949
0.798590571230164
0.7504693809315605
0.8071294462590984
0.7504693809315605
0.8156683212880329
0.7504693809315605
0.8242071963169673
0.7419305059026261
0
0
0
1
