-0.37154806047984296
-0.36579130051980163
-0.37154806047984296
-0.37197135165337536
-0.3653680093462692
-0.37815140278694914
-0.3653680093462692
-0.3843314539205229
-0.3591879582126954
-0.39669155618767044
-0.3591879582126954
-0.40287160732124416
-0.35300790707912166
-0.40905165845481795
-0.35300790707912166
-0.41523170958839173
-0.3468278559455479
-0.42759181185553924
-0.3468278559455479
-0.433771862989113
-0.3406478048119741
-0.43995191412268675
-0.33446775367840037
-0.4523120163898343
-0.3282877025448266
-0.45849206752340804
-0.32210765141125286
-0.4646721186569818
-0.32210765141125286
-0.4708521697905556
-0.3159276002776791
-0.47703222092412934
-0.3097475491441053
-0.4832122720577031
-0.30356749801053157
-0.48939232319127685
-0.2973874468769578
-0.48939232319127685
-0.2973874468769578
-0.49557237432485063
-0.291207395743384
-0.49557237432485063
-0.2850273446098103
-0.5017524254584244
-0.2788472934762365
-0.5079324765919981
-0.2726672423426627
-0.5141125277255719
-0.266487191209089
-0.5202925788591457
-0.2603071400755152
-0.5202925788591457
-0.2541270889419414
-0.5264726299927195
-0.2479470378083677
-0.5264726299927195
-0.2417669866747939
-0.5326526811262932
-0.23558693554122015
-0.5388327322598669
-0.2294068844076464
-0.5388327322598669
-0.22322683327407264
-0.5450127833934407
-0.21704678214049886
-0.5450127833934407
-0.2108667310069251
-0.5511928345270145
-0.20468667987335135
-0.5511928345270145
-0.19850662873977756
-0.5573728856605883
-0.18614652647263005
-0.5573728856605883
-0.1799664753390563
-0.5573728856605883
-0.17378642420548251
-0.5635529367941621
-0.16760637307190876
-0.5635529367941621
-0.161426321938335
-0.5635529367941621
-0.14906621967118747
-0.5635529367941621
-0.1428861685376137
-0.5635529367941621
-0.13670611740403996
-0.5635529367941621
-0.13052606627046617
-0.5635529367941621
-0.12434601513689242
-0.5573728856605883
-0.1119859128697449
-0.5573728856605883
-0.10580586173617113
-0.5573728856605883
-0.09962581060259737
-0.5511928345270145
-0.0934457594690236
-0.5511928345270145
-0.08108565720187608
-0.5450127833934407
-0.07490560606830232
-0.5388327322598669
-0.06872555493472855
-0.5388327322598669
-0.05636545266758103
-0.5326526811262932
-0.050185401534007266
-0.5264726299927195
-0.0440053504004335
-0.5202925788591457
-0.037825299266859735
-0.5141125277255719
-0.03164524813328597
-0.5079324765919981
-0.02546519699971221
-0.5017524254584244
-0.01928514586613845
-0.49557237432485063
-0.013105094732564685
-0.48939232319127685
-0.006925043598990923
-0.48939232319127685
-7.449924654171602E-4
-0.47703222092412934
0.0054350586681566025
-0.4708521697905556
0.011615109801730366
-0.4646721186569818
0.01779516093530413
-0.45849206752340804
0.023975212068877892
-0.44613196525626053
0.023975212068877892
-0.43995191412268675
0.030155263202451654
-0.42759181185553924
0.036335314336025416
-0.42141176072196546
0.036335314336025416
-0.40905165845481795
0.04251536546959918
-0.39669155618767044
0.04251536546959918
-0.3843314539205229
0.04869541660317294
-0.37815140278694914
0.04869541660317294
-0.36579130051980163
0.05487546773674671
-0.35961124938622785
0.05487546773674671
-0.34725114711908034
0.05487546773674671
-0.3348910448519328
0.05487546773674671
-0.32871099371835905
0.06105551887032047
-0.31635089145121154
0.06105551887032047
-0.31017084031763775
0.06105551887032047
-0.29781073805049024
0.06105551887032047
-0.2854506357833427
0.06105551887032047
-0.27927058464976895
0.06105551887032047
-0.27309053351619517
0.06105551887032047
-0.2669104823826214
0.06105551887032047
-0.2545503801154739
0.06105551887032047
-0.24219027784832636
0.06105551887032047
-0.22983017558117882
0.06105551887032047
-0.22365012444760507
0.06105551887032047
-0.21747007331403131
0.06105551887032047
-0.20510997104688378
0.06105551887032047
-0.19274986877973624
0.06105551887032047
-0.18656981764616248
0.06105551887032047
-0.17420971537901497
0.06105551887032047
-0.16184961311186744
0.06105551887032047
-0.15566956197829368
0.06105551887032047
-0.14330945971114614
0.06105551887032047
-0.13094935744399863
0.06105551887032047
-0.1185892551768511
0.06105551887032047
-0.10622915290970357
0.06105551887032047
-0.1000491017761298
0.06105551887032047
-0.08768899950898228
0.06105551887032047
-0.07532889724183475
0.06105551887032047
-0.06296879497468723
0.06105551887032047
-0.050608692707539704
0.06105551887032047
-0.03824859044039217
0.06105551887032047
-0.02588848817324465
0.06105551887032047
-0.013528385906097123
0.06105551887032047
-0.0011682836389495977
0.06105551887032047
0.017371869761771692
0.05487546773674671
0.029731972028919217
0.05487546773674671
0.0482721254296405
0.05487546773674671
0.05445217656321427
0.05487546773674671
0.0668122788303618
0.05487546773674671
0.07917238109750932
0.05487546773674671
0.09771253449823061
0.04869541660317294
0.11007263676537814
0.04869541660317294
0.11625268789895189
0.04869541660317294
0.1347928412996732
0.04869541660317294
0.15333299470039446
0.04869541660317294
0.165693096967542
0.04251536546959918
0.1842332503682633
0.04251536546959918
0.2027734037689846
0.04251536546959918
0.20895345490255834
0.04251536546959918
0.22749360830327964
0.04251536546959918
0.24603376170400093
0.04251536546959918
0.2645739151047222
0.036335314336025416
0.27693401737186973
0.036335314336025416
0.295474170772591
0.036335314336025416
0.30783427303973854
0.036335314336025416
0.3201943753068861
0.036335314336025416
0.33873452870760734
0.036335314336025416
0.35727468210832863
0.036335314336025416
0.3696347843754762
0.030155263202451654
0.3758148355090499
0.030155263202451654
0.3943549889097712
0.030155263202451654
0.40671509117691873
0.030155263202451654
0.42525524457764
0.030155263202451654
0.4437953979783613
0.030155263202451654
0.4561555002455089
0.030155263202451654
0.4623355513790826
0.030155263202451654
0.4808757047798039
0.030155263202451654
0.4932358070469514
0.023975212068877892
0.5117759604476727
0.023975212068877892
0.5241360627148203
0.023975212068877892
0.5364961649819677
0.023975212068877892
0.5426762161155415
0.023975212068877892
0.5550363183826891
0.023975212068877892
0.5673964206498366
0.023975212068877892
0.5859365740505579
0.023975212068877892
0.5982966763177054
0.023975212068877892
0.6044767274512791
0.023975212068877892
0.6230168808520005
0.023975212068877892
0.635376983119148
0.01779516093530413
0.6539171365198693
0.01779516093530413
0.6662772387870168
0.01779516093530413
0.6786373410541643
0.01779516093530413
0.6909974433213119
0.01779516093530413
0.7033575455884594
0.01779516093530413
0.7218976989891807
0.01779516093530413
0.7342578012563282
0.011615109801730366
0.7466179035234757
0.011615109801730366
0.7527979546570495
0.011615109801730366
0.7713381080577708
0.011615109801730366
0.7836982103249183
0.0054350586681566025
0.7960583125920658
0.0054350586681566025
0.8084184148592134
0.0054350586681566025
0.8207785171263609
0.0054350586681566025
0.8331386193935084
0.0054350586681566025
0.8454987216606559
-7.449924654171602E-4
0.8578588239278034
-0.006925043598990923
0.8763989773285248
-0.006925043598990923
0.8825790284620985
-0.013105094732564685
0.894939130729246
-0.013105094732564685
0.9011191818628198
-0.013105094732564685
0.9134792841299674
-0.01928514586613845
0.9258393863971148
-0.01928514586613845
0.9381994886642624
-0.01928514586613845
0.9443795397978362
-0.02546519699971221
0.9505595909314098
-0.02546519699971221
0.9629196931985574
-0.03164524813328597
0.9690997443321312
-0.03164524813328597
0.975279795465705
-0.037825299266859735
0.9814598465992788
-0.037825299266859735
0.9876398977328524
-0.0440053504004335
0.9876398977328524
-0.050185401534007266
0.9938199488664262
-0.05636545266758103
0.9938199488664262
-0.06254550380115478
0.9938199488664262
-0.06872555493472855
1.0
-0.08108565720187608
0.9938199488664262
-0.08726570833544985
0.9938199488664262
-0.0934457594690236
0.9938199488664262
-0.09962581060259737
0.9876398977328524
-0.10580586173617113
0.9814598465992788
-0.1119859128697449
0.975279795465705
-0.11816596400331866
0.9690997443321312
-0.12434601513689242
0.9629196931985574
-0.13052606627046617
0.9505595909314098
-0.13052606627046617
0.9381994886642624
-0.13670611740403996
0.9320194375306886
-0.13670611740403996
0.919659335263541
-0.1428861685376137
0.9134792841299674
-0.1428861685376137
0.9011191818628198
-0.1428861685376137
0.894939130729246
-0.14906621967118747
0.8825790284620985
-0.1428861685376137
0.8763989773285248
-0.14906621967118747
0.8640388750613772
-0.14906621967118747
0.8516787727942297
-0.14906621967118747
0.8331386193935084
-0.15524627080476122
0.8145984659927871
-0.15524627080476122
0.7960583125920658
-0.15524627080476122
0.789878261458492
-0.15524627080476122
0.7713381080577708
-0.15524627080476122
0.7589780057906232
-0.15524627080476122
0.7466179035234757
-0.15524627080476122
0.7342578012563282
-0.161426321938335
0.7218976989891807
-0.161426321938335
0.7157176478556069
-0.161426321938335
0.6971774944548856
-0.161426321938335
0.6786373410541643
-0.161426321938335
0.660097187653443
-0.161426321938335
0.635376983119148
-0.161426321938335
0.6168368297184267
-0.161426321938335
0.6044767274512791
-0.161426321938335
0.5859365740505579
-0.161426321938335
0.5673964206498366
-0.15524627080476122
0.5488562672491153
-0.15524627080476122
0.5364961649819677
-0.15524627080476122
0.530316113848394
-0.15524627080476122
0.5117759604476727
-0.15524627080476122
0.4932358070469514
-0.14906621967118747
0.4746956536462302
-0.14906621967118747
0.4561555002455089
-0.14906621967118747
0.4376153468447876
-0.14906621967118747
0.42525524457764
-0.1428861685376137
0.40671509117691873
-0.1428861685376137
0.3881749377761975
-0.13670611740403996
0.3696347843754762
-0.13670611740403996
0.35727468210832863
-0.13052606627046617
0.33873452870760734
-0.13052606627046617
0.3325544775740336
-0.12434601513689242
0.3201943753068861
-0.12434601513689242
0.30783427303973854
-0.12434601513689242
0.28929411963901724
-0.11816596400331866
0.2645739151047222
-0.1119859128697449
0.24603376170400093
-0.1119859128697449
0.2336736594368534
-0.10580586173617113
0.20895345490255834
-0.10580586173617113
0.19041330150183705
-0.09962581060259737
0.17805319923468954
-0.0934457594690236
0.15951304583396825
-0.0934457594690236
0.14097289243324695
-0.08726570833544985
0.1347928412996732
-0.08726570833544985
0.12243273903252566
-0.08108565720187608
0.11007263676537814
-0.08108565720187608
0.09771253449823061
-0.07490560606830232
0.07917238109750932
-0.06872555493472855
0.07299232996393555
-0.06254550380115478
0.05445217656321427
-0.06254550380115478
0.04209207429606674
-0.05636545266758103
0.029731972028919217
-0.050185401534007266
0.017371869761771692
-0.0440053504004335
-0.0011682836389495977
-0.0440053504004335
-0.007348334772523361
-0.037825299266859735
-0.019708437039670887
-0.03164524813328597
-0.03206853930681841
-0.03164524813328597
-0.044428641573965935
-0.02546519699971221
-0.056788743841113466
-0.01928514586613845
-0.06914884610826098
-0.013105094732564685
-0.08150894837540852
-0.006925043598990923
-0.09386905064255605
-7.449924654171602E-4
-0.11240920404327732
0.0054350586681566025
-0.13094935744399863
0.011615109801730366
-0.14330945971114614
0.011615109801730366
-0.16184961311186744
0.01779516093530413
-0.1680296642454412
0.023975212068877892
-0.18656981764616248
0.023975212068877892
-0.20510997104688378
0.030155263202451654
-0.21747007331403131
0.036335314336025416
-0.23601022671475258
0.04251536546959918
-0.24837032898190012
0.04869541660317294
-0.2669104823826214
0.05487546773674671
-0.27927058464976895
0.06105551887032047
-0.29781073805049024
0.06723557000389423
-0.31017084031763775
0.073415621137468
-0.32871099371835905
0.07959567227104176
-0.3348910448519328
0.08577572340461552
-0.35343119825265407
0.09195577453818929
-0.36579130051980163
0.09813582567176304
-0.37815140278694914
0.10431587680533681
-0.39051150505409665
0.11049592793891057
-0.40905165845481795
0.11667597907248434
-0.41523170958839173
0.12285603020605809
-0.42759181185553924
0.12903608133963188
-0.44613196525626053
0.13521613247320563
-0.45849206752340804
0.14139618360677939
-0.4708521697905556
0.14757623474035314
-0.47703222092412934
0.14757623474035314
-0.4832122720577031
0.15375628587392692
-0.49557237432485063
0.15993633700750068
-0.5079324765919981
0.16611638814107443
-0.5202925788591457
0.1722964392746482
-0.5326526811262932
0.1722964392746482
-0.5388327322598669
0.18465654154179573
-0.5511928345270145
0.19083659267536948
-0.5635529367941621
0.19701664380894326
-0.5759130390613095
0.20319669494251702
-0.5944531924620309
0.20937674607609078
-0.6068132947291783
0.21555679720966453
-0.6129933458627521
0.2217368483432383
-0.6315334992634735
0.22791689947681207
-0.6438936015306209
0.23409695061038582
-0.6500736526641947
0.2402770017439596
-0.6624337549313423
0.2402770017439596
-0.668613806064916
0.24645705287753336
-0.6747938571984897
0.24645705287753336
-0.6809739083320635
0.24645705287753336
-0.6871539594656373
0.2526371040111071
-0.6933340105992111
0.2526371040111071
-0.6995140617327849
0.2526371040111071
-0.6933340105992111
0.2526371040111071
-0.6809739083320635
0.2526371040111071
-0.668613806064916
0.24645705287753336
-0.6562537037977685
0.24645705287753336
-0.6500736526641947
0.24645705287753336
-0.6377135503970471
0.24645705287753336
-0.6315334992634735
0.24645705287753336
-0.6191733969963259
0.24645705287753336
-0.6006332435956045
0.24645705287753336
-0.5882731413284571
0.2526371040111071
-0.5759130390613095
0.2526371040111071
-0.5635529367941621
0.2526371040111071
-0.5573728856605883
0.2526371040111071
-0.5450127833934407
0.2526371040111071
-0.5326526811262932
0.2588171551446809
-0.5202925788591457
0.2588171551446809
-0.5141125277255719
0.2588171551446809
-0.5017524254584244
0.2649972062782546
-0.49557237432485063
0.2649972062782546
-0.48939232319127685
0.2649972062782546
-0.47703222092412934
0.2649972062782546
-0.4708521697905556
0.2711772574118284
-0.45849206752340804
0.2711772574118284
-0.4523120163898343
0.2773573085454022
-0.44613196525626053
0.2835373596789759
-0.433771862989113
0.2835373596789759
-0.42759181185553924
0.2897174108125497
-0.41523170958839173
0.2958974619461235
-0.40905165845481795
0.3144376153468447
-0.40287160732124416
0.3144376153468447
-0.39051150505409665
0.3144376153468447
-0.3843314539205229
0.3206176664804185
-0.37815140278694914
0.3267977176139923
-0.37197135165337536
0.332977768747566
-0.37197135165337536
0.3391578198811398
-0.37197135165337536
0.3515179221482873
-0.36579130051980163
0.3638780244154349
-0.36579130051980163
0.3762381266825824
-0.36579130051980163
0.3885982289497299
-0.37197135165337536
0.3947782800833037
-0.37197135165337536
0.4071383823504512
-0.3843314539205229
0.4256785357511725
-0.39051150505409665
0
0
1
0
