-0.5266699171136031
-0.3690882496343248
-0.5198244758654316
-0.37593369088249645
-0.5198244758654316
-0.38277913213066805
-0.5129790346172599
-0.38962457337883966
-0.5129790346172599
-0.3964700146270113
-0.5129790346172599
-0.4033154558751829
-0.5061335933690883
-0.4101608971233545
-0.49928815212091665
-0.4170063383715262
-0.49244271087274505
-0.4238517796196978
-0.48559726962457345
-0.43069722086786943
-0.48559726962457345
-0.43754266211604104
-0.4787518283764018
-0.43754266211604104
-0.4719063871282302
-0.44438810336421264
-0.4582155046318869
-0.4512335446123843
-0.4513700633837153
-0.46492442710872756
-0.44452462213554367
-0.47176986835689916
-0.43767918088737207
-0.47861530960507076
-0.4308337396392004
-0.47861530960507076
-0.4239882983910288
-0.4854607508532424
-0.4171428571428572
-0.492306192101414
-0.41029741589468555
-0.4991516333495857
-0.3966065333983423
-0.5059970745977573
-0.3897610921501707
-0.5128425158459289
-0.3897610921501707
-0.5196879570941005
-0.3760702096538274
-0.5265333983422722
-0.3692247684056558
-0.5333788395904437
-0.36237932715748417
-0.5333788395904437
-0.34868844466114096
-0.5402242808386154
-0.34868844466114096
-0.5470697220867871
-0.3418430034129693
-0.5470697220867871
-0.3281521209166261
-0.5539151633349586
-0.32130667966845444
-0.5539151633349586
-0.31446123842028284
-0.5539151633349586
-0.3076157971721112
-0.5607606045831303
-0.3007703559239396
-0.5607606045831303
-0.293924914675768
-0.5607606045831303
-0.2802340321794247
-0.5607606045831303
-0.27338859093125306
-0.5607606045831303
-0.25969770843490986
-0.5607606045831303
-0.2460068259385666
-0.5539151633349586
-0.23916138469039497
-0.5539151633349586
-0.2254705021940517
-0.5539151633349586
-0.21177961969770848
-0.5470697220867871
-0.19808873720136522
-0.5470697220867871
-0.18439785470502196
-0.5402242808386154
-0.17755241345685036
-0.5333788395904437
-0.17070697220867873
-0.5265333983422722
-0.15701608971233547
-0.5265333983422722
-0.14332520721599223
-0.5128425158459289
-0.1364797659678206
-0.5059970745977573
-0.12278888347147736
-0.4991516333495857
-0.11594344222330573
-0.492306192101414
-0.1090980009751341
-0.4854607508532424
-0.10225255972696248
-0.47861530960507076
-0.09540711847879085
-0.47176986835689916
-0.08171623598244761
-0.46492442710872756
-0.07487079473427599
-0.4512335446123843
-0.06802535348610436
-0.44438810336421264
-0.06117991223793274
-0.44438810336421264
-0.054334470989761116
-0.43754266211604104
-0.054334470989761116
-0.4238517796196978
-0.047489029741589486
-0.4170063383715262
-0.04064358849341786
-0.4101608971233545
-0.03379814724524624
-0.3964700146270113
-0.026952705997074618
-0.38962457337883966
-0.026952705997074618
-0.37593369088249645
-0.02010726474890299
-0.3622428083861532
-0.013261823500731369
-0.35539736713798153
-0.006416382252559745
-0.34170648464163833
-0.006416382252559745
-0.32801560214529507
4.290589956118789E-4
-0.3211701608971234
0.007274500243783503
-0.3143247196489518
0.007274500243783503
-0.30063383715260855
0.014119941491955126
-0.2869429546562653
0.02096538274012675
-0.2732520721599221
0.027810823988298376
-0.26640663091175043
0.027810823988298376
-0.25956118966357883
0.03465626523647
-0.24587030716723557
0.03465626523647
-0.2321794246708923
0.041501706484641625
-0.21848854217454908
0.041501706484641625
-0.20479765967820582
0.04834714773281325
-0.1979522184300342
0.04834714773281325
-0.18426133593369096
0.04834714773281325
-0.17741589468551933
0.05519258898098487
-0.16372501218917607
0.05519258898098487
-0.15003412969283283
0.05519258898098487
-0.1431886884446612
0.05519258898098487
-0.12949780594831797
0.06203803022915649
-0.10896148220380308
0.06203803022915649
-0.09527059970745984
0.06888347147732812
-0.07473427596294496
0.06888347147732812
-0.06104339346660172
0.06888347147732812
-0.054197952218430094
0.06888347147732812
-0.033661628473915226
0.06888347147732812
-0.019970745977571976
0.06888347147732812
-0.006279863481228728
0.06888347147732812
0.00741101901511452
0.07572891272549974
0.02794734275962939
0.07572891272549974
0.03479278400780102
0.07572891272549974
0.04848366650414426
0.07572891272549974
0.06901999024865914
0.07572891272549974
0.08271087274500238
0.07572891272549974
0.10324719648951726
0.08257435397367137
0.11009263773768888
0.08257435397367137
0.13062896148220376
0.08257435397367137
0.144319843978547
0.08257435397367137
0.15801072647489026
0.08941979522184298
0.1717016089712335
0.08941979522184298
0.19223793271574838
0.08941979522184298
0.19908337396391998
0.08941979522184298
0.21277425646026324
0.08941979522184298
0.2264651389566065
0.09626523647001461
0.24015602145294973
0.09626523647001461
0.2606923451974646
0.09626523647001461
0.26753778644563625
0.09626523647001461
0.2880741101901511
0.10311067771818624
0.30176499268649437
0.10311067771818624
0.32230131643100923
0.10995611896635786
0.3428376401755241
0.10995611896635786
0.35652852267186735
0.10995611896635786
0.3702194051682106
0.10995611896635786
0.3907557289127255
0.10995611896635786
0.40444661140906873
0.10995611896635786
0.4249829351535836
0.11680156021452949
0.45236470014627006
0.11680156021452949
0.4592101413944417
0.11680156021452949
0.4797464651389566
0.11680156021452949
0.5002827888834714
0.11680156021452949
0.5139736713798146
0.11680156021452949
0.5413554363725012
0.11680156021452949
0.561891760117016
0.11680156021452949
0.5687372013651877
0.11680156021452949
0.5892735251097025
0.11680156021452949
0.6098098488542174
0.1236470014627011
0.6303461725987323
0.11680156021452949
0.6440370550950756
0.11680156021452949
0.6577279375914188
0.11680156021452949
0.6714188200877621
0.11680156021452949
0.691955143832277
0.11680156021452949
0.7056460263286202
0.11680156021452949
0.7193369088249634
0.1236470014627011
0.7398732325694782
0.11680156021452949
0.7467186738176499
0.11680156021452949
0.7604095563139932
0.11680156021452949
0.7741004388103364
0.11680156021452949
0.7877913213066796
0.11680156021452949
0.8014822038030229
0.11680156021452949
0.8083276450511945
0.11680156021452949
0.8288639687957094
0.11680156021452949
0.8425548512920527
0.11680156021452949
0.8562457337883959
0.10995611896635786
0.8767820575329107
0.10995611896635786
0.890472940029254
0.10995611896635786
0.9041638225255972
0.10311067771818624
0.9178547050219406
0.10311067771818624
0.9315455875182838
0.09626523647001461
0.9383910287664554
0.09626523647001461
0.945236470014627
0.09626523647001461
0.9520819112627986
0.08941979522184298
0.9589273525109703
0.08257435397367137
0.9657727937591419
0.08257435397367137
0.9726182350073135
0.07572891272549974
0.9794636762554851
0.06888347147732812
0.9794636762554851
0.06203803022915649
0.9863091175036568
0.05519258898098487
0.9931545587518283
0.04834714773281325
0.9931545587518283
0.03465626523647
1.0
0.02096538274012675
1.0
0.014119941491955126
1.0
0.007274500243783503
1.0
-0.006416382252559745
1.0
-0.013261823500731369
1.0
-0.02010726474890299
1.0
-0.026952705997074618
0.9931545587518283
-0.03379814724524624
0.9863091175036568
-0.04064358849341786
0.9794636762554851
-0.047489029741589486
0.9726182350073135
-0.054334470989761116
0.9657727937591419
-0.06117991223793274
0.9589273525109703
-0.06802535348610436
0.9520819112627986
-0.07487079473427599
0.945236470014627
-0.08171623598244761
0.9315455875182838
-0.08856167723061924
0.9247001462701121
-0.08856167723061924
0.9178547050219406
-0.09540711847879085
0.9041638225255972
-0.10225255972696248
0.890472940029254
-0.10225255972696248
0.8767820575329107
-0.1090980009751341
0.8699366162847392
-0.1090980009751341
0.8562457337883959
-0.1090980009751341
0.8494002925402243
-0.11594344222330573
0.8288639687957094
-0.11594344222330573
0.8220185275475378
-0.11594344222330573
0.8014822038030229
-0.11594344222330573
0.7946367625548513
-0.11594344222330573
0.7809458800585081
-0.12278888347147736
0.7604095563139932
-0.12278888347147736
0.7398732325694782
-0.12278888347147736
0.726182350073135
-0.12278888347147736
0.7124914675767918
-0.12278888347147736
0.7056460263286202
-0.12278888347147736
0.6851097025841053
-0.12278888347147736
0.6714188200877621
-0.12278888347147736
0.6577279375914188
-0.12278888347147736
0.6440370550950756
-0.12278888347147736
0.6371916138469039
-0.11594344222330573
0.6235007313505607
-0.11594344222330573
0.6029644076060459
-0.1090980009751341
0.5892735251097025
-0.1090980009751341
0.5687372013651877
-0.10225255972696248
0.5482008776206728
-0.1090980009751341
0.5413554363725012
-0.10225255972696248
0.527664553876158
-0.09540711847879085
0.5139736713798146
-0.09540711847879085
0.5002827888834714
-0.09540711847879085
0.4797464651389566
-0.09540711847879085
0.472901023890785
-0.08856167723061924
0.4592101413944417
-0.08856167723061924
0.44551925889809846
-0.08171623598244761
0.4318283764017552
-0.08171623598244761
0.41813749390541194
-0.08171623598244761
0.3976011701608971
-0.07487079473427599
0.3907557289127255
-0.07487079473427599
0.3702194051682106
-0.07487079473427599
0.35652852267186735
-0.06802535348610436
0.3359921989273525
-0.06802535348610436
0.32230131643100923
-0.06802535348610436
0.308610433934666
-0.06117991223793274
0.30176499268649437
-0.06117991223793274
0.2880741101901511
-0.054334470989761116
0.26753778644563625
-0.054334470989761116
0.253846903949293
-0.047489029741589486
0.2333105802047781
-0.047489029741589486
0.2264651389566065
-0.04064358849341786
0.21277425646026324
-0.04064358849341786
0.19223793271574838
-0.03379814724524624
0.17854705021940512
-0.026952705997074618
0.16485616772306186
-0.026952705997074618
0.15116528522671863
-0.026952705997074618
0.144319843978547
-0.02010726474890299
0.12378352023403212
-0.013261823500731369
0.11009263773768888
-0.006416382252559745
0.08955631399317401
-0.006416382252559745
0.07586543149683075
-0.006416382252559745
0.062174549000487515
4.290589956118789E-4
0.04848366650414426
0.007274500243783503
0.02794734275962939
0.014119941491955126
0.014256460263286143
0.014119941491955126
5.65577766942896E-4
0.02096538274012675
-0.013125304729400352
0.02096538274012675
-0.019970745977571976
0.027810823988298376
-0.033661628473915226
0.027810823988298376
-0.04735251097025847
0.03465626523647
-0.06104339346660172
0.03465626523647
-0.07473427596294496
0.041501706484641625
-0.09527059970745984
0.041501706484641625
-0.10211604095563147
0.04834714773281325
-0.12265236470014633
0.04834714773281325
-0.1431886884446612
0.05519258898098487
-0.15687957094100446
0.06203803022915649
-0.1705704534373477
0.06203803022915649
-0.18426133593369096
0.06888347147732812
-0.19110677718186259
0.06888347147732812
-0.20479765967820582
0.06888347147732812
-0.21848854217454908
0.07572891272549974
-0.2321794246708923
0.07572891272549974
-0.23902486591906394
0.08257435397367137
-0.24587030716723557
0.08257435397367137
-0.25956118966357883
0.08941979522184298
-0.2732520721599221
0.08941979522184298
-0.2869429546562653
0.09626523647001461
-0.3074792784007802
0.10311067771818624
-0.3211701608971234
0.10311067771818624
-0.3348610433934667
0.10995611896635786
-0.34855192588980993
0.10995611896635786
-0.3622428083861532
0.11680156021452949
-0.37593369088249645
0.11680156021452949
-0.38277913213066805
0.11680156021452949
-0.3964700146270113
0.1236470014627011
-0.4101608971233545
0.1236470014627011
-0.4238517796196978
0.1236470014627011
-0.43754266211604104
0.1236470014627011
-0.44438810336421264
0.13049244271087274
-0.4580789858605559
0.13049244271087274
-0.47176986835689916
0.13733788395904437
-0.4854607508532424
0.13733788395904437
-0.4991516333495857
0.144183325207216
-0.5128425158459289
0.144183325207216
-0.5196879570941005
0.144183325207216
-0.5333788395904437
0.144183325207216
-0.5470697220867871
0.144183325207216
-0.5539151633349586
0.1510287664553876
-0.5676060458313019
0.144183325207216
-0.5744514870794735
0.1510287664553876
-0.5881423695758168
0.1510287664553876
-0.60183325207216
0.1510287664553876
-0.6086786933203316
0.1510287664553876
-0.6223695758166748
0.1510287664553876
-0.6292150170648465
0.1510287664553876
-0.6360604583130182
0.1510287664553876
-0.6429058995611897
0.15787420770355923
-0.656596782057533
0.15787420770355923
-0.6634422233057047
0.15787420770355923
-0.6702876645538762
0.15787420770355923
-0.6771331058020479
0.15787420770355923
-0.6839785470502195
0.16471964895173086
-0.6908239882983911
0.16471964895173086
-0.7045148707947344
0.16471964895173086
-0.7182057532910776
0.1715650901999025
-0.7250511945392493
0.1715650901999025
-0.7318966357874209
0.1715650901999025
-0.7455875182837641
0.1715650901999025
-0.7387420770355925
0.1715650901999025
-0.7318966357874209
0.1715650901999025
-0.7250511945392493
0.17841053144807412
-0.7182057532910776
0.17841053144807412
-0.711360312042906
0.18525597269624572
-0.7045148707947344
0.18525597269624572
-0.6908239882983911
0.18525597269624572
-0.6839785470502195
0.19210141394441735
-0.6702876645538762
0.19894685519258898
-0.656596782057533
0.19894685519258898
-0.6497513408093614
0.2057922964407606
-0.6429058995611897
0.2057922964407606
-0.6292150170648465
0.2126377376889322
-0.6292150170648465
0.2126377376889322
-0.6155241345685033
0.21948317893710384
-0.6086786933203316
0.21948317893710384
-0.5949878108239884
0.22632862018527547
-0.5881423695758168
0.22632862018527547
-0.5812969283276451
0.2331740614334471
-0.5744514870794735
0.2331740614334471
-0.5676060458313019
0.24001950268161873
-0.5607606045831303
0.24686494392979033
-0.5470697220867871
0.25371038517796196
-0.5402242808386154
0.26055582642613356
-0.5333788395904437
0.26055582642613356
-0.5265333983422722
0.2674012676743052
-0.5196879570941005
0.2742467089224768
-0.5128425158459289
0.2810921501706485
-0.5059970745977573
0.2879375914188201
-0.492306192101414
0.2947830326669917
-0.492306192101414
0.30162847391516334
-0.47861530960507076
0.30847391516333494
-0.47176986835689916
0.3221647976596782
-0.46492442710872756
0.3290102389078498
-0.46492442710872756
0.34270112140419307
-0.4580789858605559
0.3563920039005363
-0.4580789858605559
0.3632374451487079
-0.4580789858605559
0.3769283276450512
-0.46492442710872756
0
0
1
0
