0.4037678075615642
-0.8992396917248359
0.3946077795365493
-0.9083997197498508
0.3854477515115344
-0.9175597477748657
0.37628772348651945
-0.9267197757998806
0.36712769546150453
-0.9267197757998806
0.3579676674364896
-0.9358798038248956
0.3488076394114747
-0.9450398318499105
0.33964761138645977
-0.9450398318499105
0.33048758336144485
-0.9541998598749254
0.3213275553364299
-0.9633598878999403
0.312167527311415
-0.9633598878999403
0.3030074992864001
-0.9725199159249552
0.29384747126138516
-0.9725199159249552
0.28468744323637024
-0.9816799439499702
0.2755274152113553
-0.9816799439499702
0.2572073591613255
-0.9908399719749851
0.24804733113631058
-0.9908399719749851
0.22972727508628074
-1.0
0.22056724706126582
-1.0
0.2114072190362509
-1.0
0.19308716298622106
-1.0
0.1747671069361912
-1.0
0.15644705088616137
-1.0
0.13812699483613153
-1.0
0.1289669668111166
-1.0
0.11064691076108678
-1.0
0.09232685471105694
-1.0
0.08316682668604201
-1.0
0.06484677063601219
-1.0
0.04652671458598234
-1.0
0.0282066585359525
-1.0
0.009886602485922661
-1.0
7.265744609077404E-4
-1.0
-0.0175934815891221
-0.9908399719749851
-0.03591353763915194
-0.9816799439499702
-0.045073565664166856
-0.9816799439499702
-0.07255364973921162
-0.9816799439499702
-0.09087370578924146
-0.9725199159249552
-0.1091937618392713
-0.9633598878999403
-0.13667384591431606
-0.9541998598749254
-0.1549939019643459
-0.9450398318499105
-0.16415392998936082
-0.9358798038248956
-0.19163401406440558
-0.9267197757998806
-0.20995407011443543
-0.9083997197498508
-0.22827412616446527
-0.8992396917248359
-0.25575421023951
-0.8900796636998209
-0.27407426628953985
-0.8717596076497911
-0.28323429431455477
-0.8717596076497911
-0.2923943223395697
-0.8534395515997613
-0.31071437838959953
-0.8442795235747463
-0.31987440641461445
-0.8351194955497314
-0.3381944624646443
-0.8167994394997016
-0.3473544904896592
-0.7984793834496717
-0.35651451851467414
-0.7893193554246568
-0.374834574564704
-0.7801593273996419
-0.3839946025897189
-0.761839271349612
-0.3931546306147338
-0.7435192152995822
-0.40231465863974875
-0.7251991592495524
-0.41147468666476367
-0.7160391312245374
-0.41147468666476367
-0.7068791031995225
-0.4206347146897786
-0.6977190751745076
-0.4206347146897786
-0.6793990191244778
-0.4206347146897786
-0.6702389910994628
-0.4297947427147935
-0.651918935049433
-0.4297947427147935
-0.6335988789994033
-0.4297947427147935
-0.6152788229493734
-0.4297947427147935
-0.6061187949243585
-0.43895477073980843
-0.5969587668993436
-0.4297947427147935
-0.5786387108493137
-0.4297947427147935
-0.5694786828242988
-0.4297947427147935
-0.551158626774269
-0.4206347146897786
-0.541998598749254
-0.4206347146897786
-0.5328385707242391
-0.4206347146897786
-0.5236785426992242
-0.41147468666476367
-0.5145185146742093
-0.41147468666476367
-0.5053584866491944
-0.40231465863974875
-0.4961984586241794
-0.3931546306147338
-0.47787840257414954
-0.3931546306147338
-0.4687183745491346
-0.3839946025897189
-0.4687183745491346
-0.3839946025897189
-0.45039831849910483
-0.374834574564704
-0.4412382904740899
-0.36567454653968906
-0.432078262449075
-0.35651451851467414
-0.42291823442406007
-0.3473544904896592
-0.41375820639904515
-0.3381944624646443
-0.41375820639904515
-0.3290344344396294
-0.4045981783740302
-0.31987440641461445
-0.3954381503490153
-0.31071437838959953
-0.3862781223240004
-0.3015543503645846
-0.37711809429898546
-0.2923943223395697
-0.36795806627397054
-0.28323429431455477
-0.3587980382489556
-0.27407426628953985
-0.3587980382489556
-0.2649142382645249
-0.3496380102239407
-0.25575421023951
-0.3404779821989258
-0.2465941822144951
-0.3404779821989258
-0.2374341541894802
-0.33131795417391086
-0.22827412616446527
-0.33131795417391086
-0.22827412616446527
-0.32215792614889593
-0.21911409813945035
-0.32215792614889593
-0.20995407011443543
-0.32215792614889593
-0.2007940420894205
-0.312997898123881
-0.19163401406440558
-0.3038378700988661
-0.18247398603939066
-0.3038378700988661
-0.16415392998936082
-0.3038378700988661
-0.16415392998936082
-0.29467784207385117
-0.1549939019643459
-0.29467784207385117
-0.13667384591431606
-0.29467784207385117
-0.12751381788930113
-0.28551781404883625
-0.11835378986428621
-0.28551781404883625
-0.1091937618392713
-0.28551781404883625
-0.10003373381425638
-0.28551781404883625
-0.08171367776422654
-0.27635778602382133
-0.07255364973921162
-0.27635778602382133
-0.0633936217141967
-0.27635778602382133
-0.05423359368918178
-0.27635778602382133
-0.045073565664166856
-0.2671977579988064
-0.02675350961413702
-0.2671977579988064
-0.0175934815891221
-0.2671977579988064
-0.00843345356410718
-0.2671977579988064
7.265744609077404E-4
-0.2580377299737915
0.009886602485922661
-0.2580377299737915
0.01904663051093758
-0.2580377299737915
0.0282066585359525
-0.2580377299737915
0.03736668656096742
-0.24887770194877656
0.04652671458598234
-0.24887770194877656
0.05568674261099726
-0.24887770194877656
0.06484677063601219
-0.24887770194877656
0.07400679866102709
-0.24887770194877656
0.08316682668604201
-0.23971767392376164
0.09232685471105694
-0.23971767392376164
0.10148688273607186
-0.23971767392376164
0.11064691076108678
-0.23971767392376164
0.1198069387861017
-0.23971767392376164
0.1289669668111166
-0.23055764589874672
0.14728702286114645
-0.23055764589874672
0.15644705088616137
-0.23055764589874672
0.1656070789111763
-0.23055764589874672
0.18392713496120613
-0.23055764589874672
0.19308716298622106
-0.23055764589874672
0.20224719101123598
-0.2213976178737318
0.22056724706126582
-0.2213976178737318
0.22972727508628074
-0.2213976178737318
0.23888730311129566
-0.2213976178737318
0.24804733113631058
-0.2213976178737318
0.2663673871863404
-0.2213976178737318
0.2755274152113553
-0.2213976178737318
0.28468744323637024
-0.2213976178737318
0.29384747126138516
-0.2213976178737318
0.3030074992864001
-0.21223758984871688
0.3213275553364299
-0.21223758984871688
0.33048758336144485
-0.21223758984871688
0.33964761138645977
-0.21223758984871688
0.3488076394114747
-0.21223758984871688
0.3579676674364896
-0.21223758984871688
0.36712769546150453
-0.21223758984871688
0.37628772348651945
-0.21223758984871688
0.3579676674364896
-0.21223758984871688
0.3488076394114747
-0.21223758984871688
0.33048758336144485
-0.21223758984871688
0.3213275553364299
-0.21223758984871688
0.3030074992864001
-0.21223758984871688
0.29384747126138516
-0.21223758984871688
0.2755274152113553
-0.21223758984871688
0.2572073591613255
-0.21223758984871688
0.23888730311129566
-0.21223758984871688
0.22972727508628074
-0.21223758984871688
0.2114072190362509
-0.20307756182370196
0.19308716298622106
-0.20307756182370196
0.1747671069361912
-0.20307756182370196
0.1656070789111763
-0.20307756182370196
0.14728702286114645
-0.20307756182370196
0.13812699483613153
-0.20307756182370196
0.1198069387861017
-0.20307756182370196
0.10148688273607186
-0.20307756182370196
0.09232685471105694
-0.20307756182370196
0.08316682668604201
-0.20307756182370196
0.06484677063601219
-0.20307756182370196
0.05568674261099726
-0.19391753379868704
0.04652671458598234
-0.19391753379868704
0.03736668656096742
-0.19391753379868704
0.0282066585359525
-0.18475750577367211
0.01904663051093758
-0.18475750577367211
0.009886602485922661
-0.18475750577367211
7.265744609077404E-4
-0.17559747774865722
-0.00843345356410718
-0.17559747774865722
-0.02675350961413702
-0.17559747774865722
-0.03591353763915194
-0.1664374497236423
-0.045073565664166856
-0.15727742169862738
-0.05423359368918178
-0.15727742169862738
-0.0633936217141967
-0.15727742169862738
-0.07255364973921162
-0.14811739367361246
-0.09087370578924146
-0.14811739367361246
-0.10003373381425638
-0.13895736564859754
-0.11835378986428621
-0.13895736564859754
-0.12751381788930113
-0.12979733762358261
-0.13667384591431606
-0.1206373095985677
-0.14583387393933098
-0.1206373095985677
-0.16415392998936082
-0.10231725354853785
-0.18247398603939066
-0.09315722552352293
-0.19163401406440558
-0.08399719749850801
-0.20995407011443543
-0.07483716947349309
-0.22827412616446527
-0.06567714144847817
-0.2374341541894802
-0.04735708539844833
-0.25575421023951
-0.03819705737343341
-0.2649142382645249
-0.029037029348418487
-0.27407426628953985
-0.029037029348418487
-0.28323429431455477
-0.01987700132340357
-0.2923943223395697
-0.0015569452733737294
-0.3015543503645846
0.007603082751641191
-0.31987440641461445
0.016763110776656112
-0.3290344344396294
0.03508316682668595
-0.3473544904896592
0.05340322287671579
-0.35651451851467414
0.0625632509017307
-0.36567454653968906
0.08088330695176055
-0.374834574564704
0.09920336300179039
-0.3839946025897189
0.10836339102680531
-0.3839946025897189
0.11752341905182023
-0.3931546306147338
0.12668344707683515
-0.40231465863974875
0.145003503126865
-0.41147468666476367
0.16332355917689484
-0.4206347146897786
0.18164361522692468
-0.4297947427147935
0.1999636712769545
-0.43895477073980843
0.20912369930196942
-0.44811479876482335
0.22744375535199926
-0.4572748267898383
0.2457638114020291
-0.4572748267898383
0.264083867452059
-0.4664348548148532
0.28240392350208876
-0.4755948828398681
0.3007239795521186
-0.4755948828398681
0.3098840075771335
-0.4755948828398681
0.32820406362716337
-0.48475491086488304
0.3465241196771932
-0.48475491086488304
0.36484417572722305
-0.49391493888989796
0.3831642317772529
-0.49391493888989796
0.3923242598022678
-0.49391493888989796
0.41064431585229766
-0.49391493888989796
0.4289643719023275
-0.5030749669149128
0.44728442795235734
-0.5030749669149128
0.4656044840023872
-0.49391493888989796
0.48392454005241703
-0.49391493888989796
0.49308456807743195
-0.49391493888989796
0.5114046241274618
-0.48475491086488304
0.5205646521524767
-0.48475491086488304
0.5388847082025066
-0.48475491086488304
0.5572047642525364
-0.4755948828398681
0.5755248203025662
-0.4755948828398681
0.5846848483275812
-0.4664348548148532
0.5938448763525961
-0.4572748267898383
0.6121649324026259
-0.44811479876482335
0.6213249604276408
-0.43895477073980843
0.6304849884526558
-0.4206347146897786
0.6488050445026856
-0.40231465863974875
0.6671251005527155
-0.3931546306147338
0.6762851285777304
-0.3839946025897189
0.6854451566027453
-0.36567454653968906
0.7037652126527751
-0.35651451851467414
0.7129252406777901
-0.3473544904896592
0.722085268702805
-0.3381944624646443
0.7312452967278199
-0.31987440641461445
0.7404053247528348
-0.31071437838959953
0.7587253808028647
-0.2923943223395697
0.7678854088278796
-0.2923943223395697
0.7770454368528945
-0.27407426628953985
0.7862054648779094
-0.25575421023951
0.7953654929029244
-0.2374341541894802
0.8045255209279393
-0.21911409813945035
0.8136855489529542
-0.20995407011443543
0.8228455769779691
-0.2007940420894205
0.8228455769779691
-0.19163401406440558
0.8320056050029839
-0.17331395801437574
0.8411656330279988
-0.16415392998936082
0.8411656330279988
-0.14583387393933098
0.8503256610530138
-0.13667384591431606
0.8503256610530138
-0.12751381788930113
0.8503256610530138
-0.1091937618392713
0.8594856890780287
-0.09087370578924146
0.8594856890780287
-0.07255364973921162
0.8594856890780287
-0.05423359368918178
0.8686457171030436
-0.045073565664166856
0.8686457171030436
-0.03591353763915194
0.8686457171030436
-0.0175934815891221
0.8686457171030436
7.265744609077404E-4
0.8686457171030436
0.01904663051093758
0.8686457171030436
0.03736668656096742
0.8686457171030436
0.04652671458598234
0.8686457171030436
0.05568674261099726
0.8778057451280585
0.07400679866102709
0.8686457171030436
0.09232685471105694
0.8686457171030436
0.11064691076108678
0.8686457171030436
0.1198069387861017
0.8686457171030436
0.13812699483613153
0.8686457171030436
0.14728702286114645
0.8686457171030436
0.1656070789111763
0.8686457171030436
0.18392713496120613
0.8778057451280585
0.20224719101123598
0.8686457171030436
0.2114072190362509
0.8686457171030436
0.22972727508628074
0.8686457171030436
0.24804733113631058
0.8686457171030436
0.2572073591613255
0.8686457171030436
0.2755274152113553
0.8686457171030436
0.29384747126138516
0.8686457171030436
0.312167527311415
0.8686457171030436
0.33048758336144485
0.8686457171030436
0.33964761138645977
0.8686457171030436
0.3579676674364896
0.8686457171030436
0.37628772348651945
0.8594856890780287
0.3854477515115344
0.8594856890780287
0.4037678075615642
0.8594856890780287
0.41292783558657914
0.8594856890780287
0.42208786361159406
0.8594856890780287
0.4404079196616239
0.8594856890780287
0.4495679476866388
0.8594856890780287
0.45872797571165375
0.8594856890780287
0.4770480317616836
0.8594856890780287
0.4862080597866985
0.8594856890780287
0.49536808781171343
0.8503256610530138
0.5045281158367283
0.8503256610530138
0.5136881438617432
0.8503256610530138
0.5228481718867581
0.8503256610530138
0.541168227936788
0.8503256610530138
0.541168227936788
0.8411656330279988
0.5503282559618029
0.8411656330279988
0.5686483120118327
0.8411656330279988
0.5778083400368477
0.8411656330279988
0.5869683680618626
0.8320056050029839
0.5961283960868775
0.8320056050029839
0.6144484521369074
0.8228455769779691
0.6236084801619223
0.8228455769779691
0.6327685081869372
0.8228455769779691
0.6419285362119521
0.8136855489529542
0.651088564236967
0.8136855489529542
0.660248592261982
0.8045255209279393
0.6694086202869969
0.8045255209279393
0.6785686483120118
0.7953654929029244
0.6877286763370267
0.7953654929029244
0.6968887043620416
0.7862054648779094
0.7060487323870566
0.7862054648779094
0.7152087604120715
0.7678854088278796
0.7243687884370864
0.7770454368528945
0.7243687884370864
0.7678854088278796
0.7335288164621013
0.7678854088278796
0.7426888444871163
0.7678854088278796
0.7518488725121312
0.7587253808028647
0.7610089005371461
0.7587253808028647
0.770168928562161
0.7587253808028647
0.7793289565871759
0.7587253808028647
0.7884889846121909
0.7495653527778497
0.7976490126372058
0.7495653527778497
0.8068090406622207
0.7495653527778497
0.8068090406622207
0.7404053247528348
0.8159690686872356
0.7404053247528348
0.8251290967122505
0.7404053247528348
0
0
0
1
