0.2203322784810126
-1.0
0.21078916139240503
-0.9713706487341772
0.20124604430379744
-0.952284414556962
0.19170292721518983
-0.9236550632911392
0.19170292721518983
-0.9141119462025317
0.18215981012658225
-0.8950257120253164
0.17261669303797464
-0.8663963607594937
0.16307357594936706
-0.8473101265822784
0.15353045886075947
-0.8282238924050633
0.14398734177215186
-0.7995945411392406
0.14398734177215186
-0.7900514240506329
0.13444422468354428
-0.7614220727848101
0.12490110759493668
-0.7327927215189873
0.12490110759493668
-0.7137064873417721
0.11535799050632908
-0.6850771360759493
0.10581487341772149
-0.6659909018987342
0.10581487341772149
-0.646904667721519
0.09627175632911389
-0.6182753164556962
0.09627175632911389
-0.599189082278481
0.08672863924050629
-0.5705597310126582
0.08672863924050629
-0.5419303797468354
0.0771855221518987
-0.5323872626582279
0.0771855221518987
-0.5037579113924051
0.06764240506329111
-0.4655854430379747
0.06764240506329111
-0.4369560917721519
0.058099287974683514
-0.39878362341772156
0.04855617088607592
-0.37969738924050633
0.03901305379746832
-0.35106803797468356
0.02946993670886073
-0.31289556962025317
0.019926819620253132
-0.2747231012658228
0.010383702531645538
-0.24609375000000003
0.010383702531645538
-0.20792128164556964
8.405854430379437E-4
-0.18883504746835444
-0.008702531645569651
-0.16020569620253167
-0.018245648734177247
-0.1315763449367089
-0.02778876582278484
-0.0934038765822785
-0.03733188291139244
-0.06477452531645572
-0.03733188291139244
-0.055231408227848125
-0.04687500000000003
-0.026602056962025344
-0.056418117088607625
0.0020272943037974414
-0.06596123417721522
0.030656645569620226
-0.07550435126582282
0.04974287974683542
-0.094590585443038
0.0783722310126582
-0.094590585443038
0.09745846518987339
-0.1136768196202532
0.12608781645569617
-0.12321993670886079
0.14517405063291136
-0.1327630537974684
0.17380340189873414
-0.15184928797468358
0.19288963607594933
-0.15184928797468358
0.20243275316455692
-0.17093552215189875
0.2215189873417721
-0.18047863924050636
0.2406052215189873
-0.19956487341772156
0.2501483386075949
-0.20910799050632914
0.2692345727848101
-0.21865110759493672
0.2692345727848101
-0.23773734177215192
0.2883208069620253
-0.24728045886075953
0.2978639240506329
-0.2663666930379747
0.30740704113924044
-0.2854529272151899
0.31695015822784806
-0.3045391613924051
0.32649327531645567
-0.31408227848101267
0.32649327531645567
-0.3331685126582279
0.32649327531645567
-0.35225474683544306
0.3360363924050633
-0.3713409810126582
0.3360363924050633
-0.39997033227848106
0.34557950949367083
-0.4095134493670886
0.34557950949367083
-0.42859968354430383
0.35512262658227844
-0.4572290348101266
0.35512262658227844
-0.4763152689873418
0.35512262658227844
-0.495401503164557
0.35512262658227844
-0.5144877373417722
0.35512262658227844
-0.5240308544303798
0.35512262658227844
-0.5335739715189873
0.34557950949367083
-0.5526602056962026
0.34557950949367083
-0.5717464398734178
0.34557950949367083
-0.5812895569620253
0.34557950949367083
-0.5908326740506329
0.3360363924050633
-0.6003757911392406
0.3360363924050633
-0.6099189082278481
0.32649327531645567
-0.6290051424050633
0.30740704113924044
-0.6385482594936709
0.2978639240506329
-0.6480913765822784
0.2883208069620253
-0.6576344936708861
0.2692345727848101
-0.6576344936708861
0.2501483386075949
-0.6671776107594937
0.2406052215189873
-0.6671776107594937
0.2215189873417721
-0.6671776107594937
0.21197587025316453
-0.6671776107594937
0.19288963607594933
-0.6767207278481013
0.17380340189873414
-0.6671776107594937
0.15471716772151894
-0.6671776107594937
0.13563093354430378
-0.6671776107594937
0.12608781645569617
-0.6671776107594937
0.10700158227848099
-0.6576344936708861
0.08791534810126579
-0.6480913765822784
0.06882911392405061
-0.6385482594936709
0.05928599683544301
-0.6290051424050633
0.04019976265822782
-0.6194620253164557
0.030656645569620226
-0.6099189082278481
0.021113528481012632
-0.5908326740506329
0.0020272943037974414
-0.5812895569620253
-0.007515822784810153
-0.5622033227848101
-0.026602056962025344
-0.5526602056962026
-0.03614517405063294
-0.5335739715189873
-0.045688291139240535
-0.5144877373417722
-0.055231408227848125
-0.495401503164557
-0.07431764240506332
-0.4667721518987342
-0.08386075949367092
-0.447685917721519
-0.0934038765822785
-0.42859968354430383
-0.0934038765822785
-0.4095134493670886
-0.1029469936708861
-0.38088409810126583
-0.1029469936708861
-0.36179786392405067
-0.1124901107594937
-0.34271162974683544
-0.12203322784810129
-0.3331685126582279
-0.12203322784810129
-0.3045391613924051
-0.12203322784810129
-0.2854529272151899
-0.12203322784810129
-0.2568235759493671
-0.12203322784810129
-0.23773734177215192
-0.12203322784810129
-0.20910799050632914
-0.12203322784810129
-0.19956487341772156
-0.12203322784810129
-0.18047863924050636
-0.12203322784810129
-0.16139240506329117
-0.12203322784810129
-0.1327630537974684
-0.1124901107594937
-0.1136768196202532
-0.1124901107594937
-0.1041337025316456
-0.1124901107594937
-0.0850474683544304
-0.1029469936708861
-0.056418117088607625
-0.0934038765822785
-0.03733188291139244
-0.08386075949367092
-0.018245648734177247
-0.07431764240506332
8.405854430379437E-4
-0.06477452531645572
0.010383702531645538
-0.06477452531645572
0.02946993670886073
-0.045688291139240535
0.03901305379746832
-0.03614517405063294
0.058099287974683514
-0.026602056962025344
0.0771855221518987
-0.017058939873417747
0.0771855221518987
-0.007515822784810153
0.09627175632911389
0.011570411392405036
0.11535799050632908
0.021113528481012632
0.13444422468354428
0.04019976265822782
0.15353045886075947
0.04974287974683542
0.17261669303797464
0.06882911392405061
0.18215981012658225
0.06882911392405061
0.19170292721518983
0.08791534810126579
0.21078916139240503
0.10700158227848099
0.22987539556962022
0.11654469936708858
0.24896162974683542
0.12608781645569617
0.258504746835443
0.13563093354430378
0.27759098101265817
0.15471716772151894
0.2966772151898734
0.16426028481012656
0.306220332278481
0.17380340189873414
0.32530656645569617
0.18334651898734175
0.34439280063291133
0.19288963607594933
0.35393591772151894
0.20243275316455692
0.3730221518987341
0.21197587025316453
0.39210838607594933
0.2215189873417721
0.40165150316455694
0.23106210443037972
0.4207377373417721
0.2406052215189873
0.4302808544303797
0.2406052215189873
0.4493670886075949
0.2501483386075949
0.4589102056962025
0.2596914556962025
0.47799643987341767
0.2596914556962025
0.4875395569620253
0.2692345727848101
0.4970826740506329
0.2692345727848101
0.5161689082278481
0.2692345727848101
0.5352551424050632
0.27877768987341767
0.5447982594936709
0.27877768987341767
0.563884493670886
0.27877768987341767
0.5734276107594937
0.27877768987341767
0.5925138449367088
0.2692345727848101
0.611600079113924
0.2692345727848101
0.6211431962025316
0.2692345727848101
0.6402294303797468
0.2692345727848101
0.6497725474683543
0.2692345727848101
0.6688587816455696
0.2596914556962025
0.6784018987341771
0.2596914556962025
0.6974881329113923
0.2501483386075949
0.7165743670886076
0.2406052215189873
0.7356606012658228
0.23106210443037972
0.7452037183544303
0.2215189873417721
0.7642899525316456
0.20243275316455692
0.7833761867088607
0.19288963607594933
0.8024624208860759
0.17380340189873414
0.8215486550632911
0.16426028481012656
0.8310917721518987
0.15471716772151894
0.8501780063291139
0.14517405063291136
0.8597211234177214
0.13563093354430378
0.8692642405063291
0.12608781645569617
0.8788073575949367
0.11654469936708858
0.8883504746835442
0.10700158227848099
0.8978935917721519
0.09745846518987339
0.9074367088607594
0.08791534810126579
0.9074367088607594
0.0783722310126582
0.9074367088607594
0.06882911392405061
0.9074367088607594
0.05928599683544301
1
0
0
0
