0.08863819500402921
-1.0
0.08863819500402921
-0.99069970453935
0.09793849046467923
-0.9813994090786999
0.09793849046467923
-0.9627988181574
0.09793849046467923
-0.95349852269675
0.09793849046467923
-0.9441982272360999
0.10723878592532925
-0.9348979317754499
0.10723878592532925
-0.9255976363147999
0.10723878592532925
-0.9162973408541498
0.10723878592532925
-0.9069970453934999
0.10723878592532925
-0.8976967499328499
0.10723878592532925
-0.8883964544721998
0.10723878592532925
-0.8790961590115498
0.10723878592532925
-0.8697958635508998
0.11653908138597927
-0.8697958635508998
0.11653908138597927
-0.8604955680902497
0.11653908138597927
-0.8511952726295998
0.11653908138597927
-0.8325946817082998
0.11653908138597927
-0.8232943862476497
0.11653908138597927
-0.8139940907869997
0.11653908138597927
-0.8046937953263497
0.10723878592532925
-0.7953934998656997
0.10723878592532925
-0.7767929089443997
0.10723878592532925
-0.7674926134837496
0.10723878592532925
-0.7488920225624496
0.10723878592532925
-0.7302914316411496
0.10723878592532925
-0.7209911361804996
0.10723878592532925
-0.7023905452591995
0.10723878592532925
-0.6930902497985495
0.10723878592532925
-0.6837899543378996
0.09793849046467923
-0.6744896588772495
0.09793849046467923
-0.6651893634165995
0.09793849046467923
-0.6465887724952994
0.09793849046467923
-0.6372884770346494
0.09793849046467923
-0.6186878861133495
0.08863819500402921
-0.6186878861133495
0.08863819500402921
-0.6000872951920494
0.08863819500402921
-0.5907869997313994
0.08863819500402921
-0.5721864088100993
0.08863819500402921
-0.5628861133494494
0.08863819500402921
-0.5535858178887993
0.0793378995433792
-0.5442855224281493
0.0793378995433792
-0.5256849315068493
0.0793378995433792
-0.5163846360461992
0.0793378995433792
-0.49778404512489927
0.07003760408272919
-0.48848374966424923
0.07003760408272919
-0.4791834542035992
0.07003760408272919
-0.4605828632822992
0.07003760408272919
-0.4419822723609992
0.07003760408272919
-0.4233816814396991
0.07003760408272919
-0.3954807950577491
0.06073730862207918
-0.38618049959709905
0.06073730862207918
-0.37688020413644907
0.06073730862207918
-0.358279613215149
0.06073730862207918
-0.339679022293849
0.06073730862207918
-0.321078431372549
0.05143701316142916
-0.3024778404512489
0.05143701316142916
-0.29317754499059895
0.05143701316142916
-0.2745769540692989
0.05143701316142916
-0.2559763631479989
0.04213671770077915
-0.24667606768734887
0.04213671770077915
-0.22807547676604883
0.04213671770077915
-0.21877518130539883
0.04213671770077915
-0.2001745903840988
0.032836422240129136
-0.1908742949234488
0.032836422240129136
-0.17227370400214875
0.032836422240129136
-0.15367311308084872
0.023536126779479118
-0.1443728176201987
0.023536126779479118
-0.12577222669889868
0.023536126779479118
-0.11647193123824867
0.023536126779479118
-0.09787134031694864
0.014235831318829105
-0.07927074939564861
0.014235831318829105
-0.06067015847434858
0.004935535858179091
-0.05136986301369857
0.004935535858179091
-0.03276927209239854
0.004935535858179091
-0.014168681171098515
-0.004364759602470923
0.004431909750201514
-0.013665055063120938
0.023032500671501543
-0.013665055063120938
0.04163309159280157
-0.013665055063120938
0.05093338705345159
-0.022965350523770953
0.0602336825141016
-0.022965350523770953
0.07883427343540163
-0.032265645984420964
0.09743486435670165
-0.04156594144507098
0.10673515981735167
-0.04156594144507098
0.11603545527800169
-0.04156594144507098
0.13463604619930172
-0.05086623690572099
0.15323663712060173
-0.05086623690572099
0.17183722804190177
-0.060166532366371005
0.18113752350255177
-0.060166532366371005
0.1904378189632018
-0.06946682782702102
0.2090384098845018
-0.06946682782702102
0.21833870534515185
-0.07876712328767103
0.23693929626645185
-0.07876712328767103
0.2555398871877519
-0.08806741874832105
0.2648401826484019
-0.08806741874832105
0.2741404781090519
-0.08806741874832105
0.28344077356970193
-0.09736771420897106
0.30204136449100194
-0.10666800966962107
0.311341659951652
-0.10666800966962107
0.320641955412302
-0.10666800966962107
0.329942250872952
-0.1159683051302711
0.34854284179425205
-0.1252686005909211
0.357843137254902
-0.13456889605157113
0.36714343271555205
-0.14386919151222113
0.3764437281762021
-0.15316948697287114
0.3950443190975021
-0.16246978243352117
0.4136449100188021
-0.17177007789417117
0.42294520547945214
-0.18107037335482118
0.43224550094010217
-0.18107037335482118
0.4415457964007522
-0.1903706688154712
0.4415457964007522
-0.19967096427612122
0.4508460918614022
-0.20897125973677122
0.4601463873220522
-0.21827155519742125
0.46944668278270224
-0.23687214611872126
0.4787469782433522
-0.2461724415793713
0.4787469782433522
-0.2554727370400213
0.48804727370400225
-0.2647730325006713
0.48804727370400225
-0.27407332796132133
0.48804727370400225
-0.29267391888262134
0.48804727370400225
-0.3019742143432714
0.48804727370400225
-0.3112745098039214
0.48804727370400225
-0.3205748052645714
0.48804727370400225
-0.3298751007252214
0.48804727370400225
-0.33917539618587145
0.4787469782433522
-0.3484756916465214
0.4787469782433522
-0.35777598710717146
0.4787469782433522
-0.3670762825678215
0.46944668278270224
-0.37637657802847146
0.46944668278270224
-0.3856768734891215
0.46944668278270224
-0.39497716894977153
0.4601463873220522
-0.4042774644104215
0.4601463873220522
-0.41357775987107154
0.4508460918614022
-0.42287805533172157
0.4415457964007522
-0.43217835079237155
0.43224550094010217
-0.4414786462530216
0.43224550094010217
-0.4507789417136716
0.42294520547945214
-0.4600792371743216
0.4136449100188021
-0.4600792371743216
0.4043446145581521
-0.4693795326349716
0.3950443190975021
-0.4693795326349716
0.38574402363685206
-0.47867982809562165
0.3764437281762021
-0.4879801235562716
0.36714343271555205
-0.4879801235562716
0.357843137254902
-0.4879801235562716
0.34854284179425205
-0.49728041901692166
0.339242546333602
-0.49728041901692166
0.320641955412302
-0.5065807144775717
0.311341659951652
-0.5065807144775717
0.30204136449100194
-0.5158810099382217
0.29274106903035196
-0.5158810099382217
0.28344077356970193
-0.5158810099382217
0.2648401826484019
-0.5158810099382217
0.2555398871877519
-0.5251813053988718
0.23693929626645185
-0.5251813053988718
0.22763900080580185
-0.5251813053988718
0.21833870534515185
-0.5251813053988718
0.1997381144238518
-0.5251813053988718
0.1904378189632018
-0.5158810099382217
0.17183722804190177
-0.5158810099382217
0.16253693258125176
-0.5158810099382217
0.15323663712060173
-0.5158810099382217
0.13463604619930172
-0.5065807144775717
0.11603545527800169
-0.5065807144775717
0.10673515981735167
-0.49728041901692166
0.08813456889605165
-0.49728041901692166
0.07883427343540163
-0.4879801235562716
0.06953397797475161
-0.47867982809562165
0.0602336825141016
-0.47867982809562165
0.05093338705345159
-0.4600792371743216
0.03233279613215156
-0.4600792371743216
0.023032500671501543
-0.4507789417136716
0.013732205210851528
-0.4414786462530216
0.004431909750201514
-0.42287805533172157
-0.014168681171098515
-0.41357775987107154
-0.023468976631748528
-0.4042774644104215
-0.03276927209239854
-0.39497716894977153
-0.042069567553048554
-0.37637657802847146
-0.05136986301369857
-0.3670762825678215
-0.06067015847434858
-0.35777598710717146
-0.06067015847434858
-0.33917539618587145
-0.07927074939564861
-0.3298751007252214
-0.08857104485629863
-0.3205748052645714
-0.08857104485629863
-0.3112745098039214
-0.09787134031694864
-0.29267391888262134
-0.09787134031694864
-0.27407332796132133
-0.10717163577759865
-0.2647730325006713
-0.11647193123824867
-0.2461724415793713
-0.11647193123824867
-0.23687214611872126
-0.12577222669889868
-0.21827155519742125
-0.12577222669889868
-0.20897125973677122
-0.1350725221595487
-0.1903706688154712
-0.1350725221595487
-0.18107037335482118
-0.1350725221595487
-0.17177007789417117
-0.1350725221595487
-0.15316948697287114
-0.1350725221595487
-0.13456889605157113
-0.1350725221595487
-0.1159683051302711
-0.1350725221595487
-0.10666800966962107
-0.12577222669889868
-0.09736771420897106
-0.12577222669889868
-0.07876712328767103
-0.12577222669889868
-0.06946682782702102
-0.12577222669889868
-0.05086623690572099
-0.11647193123824867
-0.04156594144507098
-0.11647193123824867
-0.032265645984420964
-0.10717163577759865
-0.013665055063120938
-0.09787134031694864
-0.004364759602470923
-0.09787134031694864
0.014235831318829105
-0.08857104485629863
0.023536126779479118
-0.0699704539349986
0.032836422240129136
-0.06067015847434858
0.04213671770077915
-0.06067015847434858
0.05143701316142916
-0.05136986301369857
0.07003760408272919
-0.042069567553048554
0.0793378995433792
-0.03276927209239854
0.08863819500402921
-0.014168681171098515
0.10723878592532925
0.004431909750201514
0.11653908138597927
0.013732205210851528
0.13513967230727927
0.023032500671501543
0.1444399677679293
0.04163309159280157
0.16304055868922934
0.05093338705345159
0.16304055868922934
0.0602336825141016
0.18164114961052935
0.06953397797475161
0.19094144507117938
0.08813456889605165
0.2002417405318294
0.10673515981735167
0.21884233145312942
0.11603545527800169
0.22814262691377943
0.1253357507386517
0.23744292237442943
0.13463604619930172
0.24674321783507946
0.15323663712060173
0.2653438087563795
0.16253693258125176
0.2746441042170295
0.18113752350255177
0.28394439967767954
0.18113752350255177
0.2932446951383295
0.1997381144238518
0.30254499059897955
0.21833870534515185
0.32114558152027955
0.22763900080580185
0.3304458769809296
0.23693929626645185
0.3490464679022296
0.2555398871877519
0.35834676336287963
0.2741404781090519
0.37694735428417964
0.28344077356970193
0.38624764974482967
0.29274106903035196
0.3955479452054797
0.30204136449100194
0.4048482406661297
0.311341659951652
0.4141485361267797
0.320641955412302
0.42344883158742974
0.329942250872952
0.44204942250872975
0.339242546333602
0.4513497179693798
0.34854284179425205
0.4699503088906798
0.357843137254902
0.4792506043513298
0.36714343271555205
0.49785119527262983
0.36714343271555205
0.5071514907332798
0.3764437281762021
0.5257520816545799
0.38574402363685206
0.5350523771152299
0.38574402363685206
0.5443526725758799
0.3950443190975021
0.5629532634971799
0.3950443190975021
0.5722535589578299
0.4043446145581521
0.59085414987913
0.4043446145581521
0.60945474080043
0.4043446145581521
0.61875503626108
0.4043446145581521
0.62805533172173
0.4043446145581521
0.6466559226430301
0.4043446145581521
0.6466559226430301
0.3950443190975021
0.6559562181036801
0.3950443190975021
0.6652565135643301
0.3950443190975021
0.6838571044856301
0.38574402363685206
0.6931573999462801
0.3764437281762021
0.7117579908675802
0.3764437281762021
0.7117579908675802
0.36714343271555205
0.7303585817888801
0.357843137254902
0.7396588772495302
0.34854284179425205
0.7582594681708302
0.339242546333602
0.7675597636314803
0.329942250872952
0.7768600590921303
0.329942250872952
0.7861603545527802
0.320641955412302
0.7954606500134302
0.320641955412302
0.8047609454740803
0.311341659951652
0.8140612409347303
0.30204136449100194
0.8047609454740803
0.30204136449100194
0.8140612409347303
0.30204136449100194
0.8140612409347303
0.29274106903035196
1
0
0
0
