0.4608052907994555
-1.0
0.4236529858004281
-1.0
0.38650068080140065
-1.0
0.3617324774687157
-1.0
0.33696427413603075
-1.0
0.3121960708033458
-1.0
0.28742786747066085
-1.0
0.2502755624716334
-0.9876158983336575
0.22550735913894848
-0.9876158983336575
0.18835505413992107
-0.9876158983336575
0.16358685080723612
-0.9752317966673151
0.13881864747455117
-0.9752317966673151
0.10166634247552374
-0.9628476950009726
0.07689813914283879
-0.9504635933346302
0.03974583414381136
-0.9504635933346302
0.0025935291447839377
-0.9380794916682876
-0.009790572521558537
-0.9380794916682876
-0.046942877520585964
-0.9256953900019451
-0.07171108085327091
-0.9133112883356027
-0.10886338585229834
-0.9009271866692602
-0.13363158918498327
-0.8761589833365753
-0.17078389418401071
-0.8637748816702328
-0.18316799585035318
-0.8513907800038903
-0.20793619918303813
-0.8266225766712053
-0.24508850418206554
-0.8142384750048629
-0.2698567075147505
-0.789470271672178
-0.2946249108474355
-0.764702068339493
-0.30700901251377793
-0.7523179666731505
-0.33177721584646286
-0.739933865006808
-0.35654541917914784
-0.7151656616741231
-0.3689295208454903
-0.6903974583414382
-0.3936977241781752
-0.6656292550087531
-0.40608182584451774
-0.6532451533424107
-0.40608182584451774
-0.6408610516760682
-0.4184659275108602
-0.6160928483433833
-0.4184659275108602
-0.5789405433443559
-0.43085002917720266
-0.5541723400116709
-0.43085002917720266
-0.529404136678986
-0.4432341308435451
-0.504635933346301
-0.43085002917720266
-0.49225183167995856
-0.43085002917720266
-0.4674836283472736
-0.4184659275108602
-0.4550995266809311
-0.40608182584451774
-0.43033132334824614
-0.3936977241781752
-0.4179472216819037
-0.3936977241781752
-0.4055631200155612
-0.3689295208454903
-0.3807949166828763
-0.3441613175128054
-0.3684108150165338
-0.33177721584646286
-0.34364261168384885
-0.30700901251377793
-0.3188744083511639
-0.2698567075147505
-0.3064903066848214
-0.25747260584840803
-0.29410620501847895
-0.23270440251572308
-0.2817221033521365
-0.20793619918303813
-0.26933800168579397
-0.17078389418401071
-0.26933800168579397
-0.14601569085132576
-0.2569539000194515
-0.12124748751864081
-0.2569539000194515
-0.10886338585229834
-0.24456979835310905
-0.08409518251961338
-0.24456979835310905
-0.046942877520585964
-0.23218569668676659
-0.022174674187901013
-0.23218569668676659
0.0025935291447839377
-0.23218569668676659
0.014977630811126411
-0.23218569668676659
0.03974583414381136
-0.23218569668676659
0.07689813914283879
-0.23218569668676659
0.10166634247552374
-0.23218569668676659
0.12643454580820868
-0.23218569668676659
0.15120274914089363
-0.23218569668676659
0.16358685080723612
-0.23218569668676659
0.18835505413992107
-0.23218569668676659
0.213123257472606
-0.23218569668676659
0.23789146080529094
-0.23218569668676659
0.2626596641379759
-0.24456979835310905
0.28742786747066085
-0.24456979835310905
0.2998119691370033
-0.24456979835310905
0.3245801724696883
-0.24456979835310905
0.3493483758023732
-0.24456979835310905
0.3617324774687157
-0.24456979835310905
0.38650068080140065
-0.24456979835310905
0.3988847824677431
-0.24456979835310905
0.4112688841340856
-0.24456979835310905
0.4236529858004281
-0.24456979835310905
0.3741165791350582
-0.24456979835310905
0.3617324774687157
-0.24456979835310905
0.33696427413603075
-0.23218569668676659
0.2998119691370033
-0.23218569668676659
0.2750437658043184
-0.2198015950204241
0.2502755624716334
-0.20741749335408163
0.23789146080529094
-0.20741749335408163
0.20073915580626353
-0.19503339168773914
0.17597095247357858
-0.18264929002139668
0.15120274914089363
-0.15788108668871173
0.11405044414186621
-0.14549698502236924
0.08928224080918126
-0.13311288335602678
0.07689813914283879
-0.1207287816896843
0.03974583414381136
-0.10834468002334183
0.014977630811126411
-0.09596057835699935
-0.009790572521558537
-0.08357647669065688
-0.03455877585424349
-0.0711923750243144
-0.05932697918692843
-0.05880827335797193
-0.07171108085327091
-0.05880827335797193
-0.08409518251961338
-0.046424171691629455
-0.10886338585229834
-0.03404007002528698
-0.12124748751864081
-0.021655968358944507
-0.14601569085132576
-0.009271866692602031
-0.17078389418401071
0.0031122349737404435
-0.19555209751669567
0.015496336640082918
-0.22032030084938062
0.027880438306425392
-0.24508850418206554
0.052648641639110344
-0.25747260584840803
0.06503274330545282
-0.2698567075147505
0.0774168449717953
-0.2946249108474355
0.08980094663813777
-0.30700901251377793
0.10218504830448025
-0.33177721584646286
0.1269532516371652
-0.3441613175128054
0.13933735330350766
-0.35654541917914784
0.15172145496985015
-0.3689295208454903
0.1641055566361926
-0.38131362251183276
0.1764896583025351
-0.3936977241781752
0.20125786163522003
-0.40608182584451774
0.22602606496790498
-0.4184659275108602
0.23841016663424747
-0.43085002917720266
0.25079426830058993
-0.4432341308435451
0.2755624716332749
-0.4432341308435451
0.28794657329961737
-0.45561823250988764
0.3127147766323023
-0.45561823250988764
0.3374829799649873
-0.4680023341762301
0.3622511832976722
-0.4680023341762301
0.37463528496401466
-0.4680023341762301
0.39940348829669964
-0.4680023341762301
0.4117875899630421
-0.4680023341762301
0.4365557932957271
-0.4680023341762301
0.461323996628412
-0.45561823250988764
0.4860921999610969
-0.4432341308435451
0.5108604032937819
-0.43085002917720266
0.5356286066264668
-0.4184659275108602
0.5603968099591518
-0.40608182584451774
0.5727809116254943
-0.3936977241781752
0.5851650132918368
-0.38131362251183276
0.6099332166245217
-0.3689295208454903
0.6347014199572066
-0.3441613175128054
0.6470855216235492
-0.33177721584646286
0.6718537249562341
-0.30700901251377793
0.6842378266225766
-0.2946249108474355
0.6842378266225766
-0.28224080918109296
0.696621928288919
-0.25747260584840803
0.7213901316216039
-0.23270440251572308
0.7337742332879464
-0.20793619918303813
0.746158334954289
-0.18316799585035318
0.7585424366206314
-0.17078389418401071
0.7585424366206314
-0.14601569085132576
0.7709265382869739
-0.12124748751864081
0.7833106399533163
-0.08409518251961338
0.7833106399533163
-0.05932697918692843
0.7956947416196588
-0.03455877585424349
0.7956947416196588
-0.009790572521558537
0.8080788432860013
0.014977630811126411
0.8080788432860013
0.052129935810153835
0.8080788432860013
0.07689813914283879
0.8080788432860013
0.10166634247552374
0.8080788432860013
0.11405044414186621
0.8080788432860013
0.13881864747455117
0.8080788432860013
0.16358685080723612
0.8080788432860013
0.18835505413992107
0.8080788432860013
0.213123257472606
0.7956947416196588
0.22550735913894848
0.7956947416196588
0.2626596641379759
0.7833106399533163
0.28742786747066085
0.7709265382869739
0.3245801724696883
0.7709265382869739
0.3493483758023732
0.7585424366206314
0.38650068080140065
0.746158334954289
0.4112688841340856
0.746158334954289
0.43603708746677056
0.7337742332879464
0.473189392465798
0.7213901316216039
0.5103416974648254
0.7090060299552615
0.5474940024638528
0.7090060299552615
0.5598781041301953
0.696621928288919
0.5970304091292227
0.6842378266225766
0.6217986124619077
0.6842378266225766
0.658950917460935
0.6718537249562341
0.6837191207936201
0.6594696232898916
0.7208714257926475
0.6470855216235492
0.7332555274589899
0.6470855216235492
0.7580237307916748
0.6470855216235492
0.7827919341243599
0.6347014199572066
0.8075601374570448
0.6347014199572066
0.8323283407897297
0.6223173182908641
0.8447124424560722
0.6223173182908641
0.8570965441224146
0.6223173182908641
0.8694806457887572
0.6099332166245217
0.8818647474550997
0.6099332166245217
0.8818647474550997
0.5975491149581792
0
0
0
1
