0.4588528678304238
-0.8371524020138336
0.44864254458194125
-0.8473627252623162
0.42822189808497607
-0.8473627252623162
0.40780125158801095
-0.8575730485107987
0.3873806050910458
-0.8575730485107987
0.36695995859408065
-0.8677833717592813
0.3465393120971155
-0.8677833717592813
0.3261186656001504
-0.8677833717592813
0.2954876958547027
-0.8779936950077638
0.2852773726062201
-0.8779936950077638
0.264856726109255
-0.8779936950077638
0.24443607961228983
-0.8779936950077638
0.22401543311532468
-0.8779936950077638
0.19338446336987697
-0.8882040182562464
0.17296381687291185
-0.8882040182562464
0.16275349362442926
-0.8882040182562464
0.14233284712746413
-0.8882040182562464
0.12191220063049898
-0.8882040182562464
0.10149155413353385
-0.8779936950077638
0.0810709076365687
-0.8779936950077638
0.050439937891120994
-0.8779936950077638
0.040229614642638425
-0.8779936950077638
0.009598644897190714
-0.8779936950077638
-0.010822001599774426
-0.8677833717592813
-0.041452971345222134
-0.8677833717592813
-0.06187361784218728
-0.8575730485107987
-0.08229426433915242
-0.8473627252623162
-0.09250458758763498
-0.8473627252623162
-0.11292523408460012
-0.8371524020138336
-0.13334588058156527
-0.826942078765351
-0.15376652707853042
-0.8065214322683859
-0.17418717357549554
-0.7861007857714207
-0.1946078200724607
-0.7656801392744556
-0.2150284665694258
-0.7656801392744556
-0.23544911306639096
-0.7452594927774905
-0.24565943631487352
-0.7248388462805253
-0.26608008281183865
-0.7044181997835601
-0.2865007293088038
-0.6942078765350775
-0.29671105255728636
-0.6737872300381125
-0.30692137580576895
-0.6635769067896299
-0.31713169905425154
-0.6431562602926647
-0.32734202230273407
-0.6227356137956996
-0.33755234555121666
-0.6023149672987345
-0.33755234555121666
-0.5818943208017693
-0.34776266879969925
-0.5512633510563216
-0.34776266879969925
-0.5308427045593564
-0.34776266879969925
-0.5104220580623914
-0.34776266879969925
-0.4797910883169436
-0.34776266879969925
-0.4593704418199785
-0.33755234555121666
-0.43894979532301337
-0.33755234555121666
-0.4287394720745308
-0.32734202230273407
-0.40831882557756566
-0.32734202230273407
-0.3878981790806005
-0.31713169905425154
-0.36747753258363536
-0.30692137580576895
-0.34705688608667024
-0.29671105255728636
-0.33684656283818765
-0.29671105255728636
-0.32663623958970506
-0.2865007293088038
-0.3164259163412225
-0.27629040606032124
-0.29600526984425735
-0.2558697595633561
-0.2857949465957748
-0.24565943631487352
-0.2755846233472922
-0.2252387898179084
-0.2551639768503271
-0.2150284665694258
-0.2551639768503271
-0.20481814332094325
-0.2449536536018445
-0.1843974968239781
-0.23474333035336195
-0.17418717357549554
-0.22453300710487936
-0.15376652707853042
-0.2143226838563968
-0.14355620383004783
-0.20411236060791424
-0.13334588058156527
-0.20411236060791424
-0.11292523408460012
-0.19390203735943168
-0.10271491083611756
-0.1836917141109491
-0.08229426433915242
-0.17348139086246653
-0.06187361784218728
-0.16327106761398397
-0.041452971345222134
-0.16327106761398397
-0.031242648096739566
-0.16327106761398397
-0.010822001599774426
-0.16327106761398397
0.019808968145673286
-0.15306074436550138
0.040229614642638425
-0.15306074436550138
0.06065026113960356
-0.15306074436550138
0.07086058438808614
-0.15306074436550138
0.09128123088505127
-0.14285042111701882
0.11170187738201641
-0.14285042111701882
0.13212252387898155
-0.14285042111701882
0.14233284712746413
-0.13264009786853626
0.16275349362442926
-0.13264009786853626
0.17296381687291185
-0.13264009786853626
0.19338446336987697
-0.13264009786853626
0.21380510986684212
-0.13264009786853626
0.23422575636380724
-0.12242977462005368
0.2546464028607724
-0.12242977462005368
0.2750670493577375
-0.12242977462005368
0.2852773726062201
-0.12242977462005368
0.3056980191031852
-0.12242977462005368
0.3159083423516678
-0.12242977462005368
0.33632898884863294
-0.13264009786853626
0.3465393120971155
-0.13264009786853626
0.3567496353455981
-0.13264009786853626
0.36695995859408065
-0.13264009786853626
0.3465393120971155
-0.13264009786853626
0.3261186656001504
-0.13264009786853626
0.3056980191031852
-0.13264009786853626
0.2852773726062201
-0.13264009786853626
0.264856726109255
-0.13264009786853626
0.2546464028607724
-0.13264009786853626
0.23422575636380724
-0.13264009786853626
0.22401543311532468
-0.12242977462005368
0.20359478661835953
-0.12242977462005368
0.1831741401213944
-0.12242977462005368
0.16275349362442926
-0.1122194513715711
0.13212252387898155
-0.10200912812308853
0.12191220063049898
-0.10200912812308853
0.10149155413353385
-0.10200912812308853
0.0810709076365687
-0.09179880487460597
0.06065026113960356
-0.09179880487460597
0.030019291394155854
-0.09179880487460597
0.009598644897190714
-0.0815884816261234
-6.116783512918554E-4
-0.0815884816261234
-0.021032324848256994
-0.0815884816261234
-0.0516632945937047
-0.07137815837764083
-0.07208394109066985
-0.07137815837764083
-0.09250458758763498
-0.06116783512915826
-0.12313555733308269
-0.06116783512915826
-0.13334588058156527
-0.05095751188067569
-0.15376652707853042
-0.040747188632193114
-0.17418717357549554
-0.040747188632193114
-0.1946078200724607
-0.030536865383710546
-0.2150284665694258
-0.020326542135227978
-0.2252387898179084
-0.020326542135227978
-0.2558697595633561
9.410436173716387E-5
-0.27629040606032124
0.010304427610219734
-0.29671105255728636
0.020514750858702305
-0.32734202230273407
0.040935397355667445
-0.34776266879969925
0.05114572060415001
-0.34776266879969925
0.06135604385263258
-0.36818331529666437
0.08177669034959772
-0.3886039617936295
0.0919870135980803
-0.40902460829059467
0.10219733684656286
-0.4192349315390772
0.122617983343528
-0.4396555780360424
0.1328283065920106
-0.4396555780360424
0.14303862984049315
-0.4498659012845249
0.16345927633745827
-0.4600762245330075
0.18387992283442342
-0.4702865477814901
0.20430056933138857
-0.4804968710299726
0.2247212158283537
-0.4907071942784552
0.24514186232531884
-0.4907071942784552
0.2553521855738014
-0.4907071942784552
0.2757728320707665
-0.5009175175269378
0.2961934785677317
-0.4907071942784552
0.3268244483131794
-0.4907071942784552
0.34724509481014454
-0.4907071942784552
0.37787606455559225
-0.4907071942784552
0.38808638780407484
-0.4907071942784552
0.40850703430103996
-0.4804968710299726
0.4391380040464877
-0.4702865477814901
0.4595586505434528
-0.4702865477814901
0.479979297040418
-0.4702865477814901
0.4901896202889005
-0.4600762245330075
0.5208205900343482
-0.4396555780360424
0.5412412365313134
-0.4294452547875598
0.571872206276761
-0.40902460829059467
0.5922928527737262
-0.3988142850421121
0.6127134992706914
-0.3886039617936295
0.6229238225191739
-0.36818331529666437
0.6433444690161391
-0.34776266879969925
0.6637651155131042
-0.32734202230273407
0.6739754387615868
-0.30692137580576895
0.6943960852585519
-0.2865007293088038
0.7148167317555171
-0.27629040606032124
0.7250270550039997
-0.2558697595633561
0.7352373782524823
-0.24565943631487352
0.7556580247494473
-0.2252387898179084
0.7658683479979299
-0.20481814332094325
0.7760786712464125
-0.1946078200724607
0.7862889944948951
-0.1843974968239781
0.7964993177433776
-0.15376652707853042
0.8067096409918602
-0.13334588058156527
0.8169199642403427
-0.11292523408460012
0.8169199642403427
-0.08229426433915242
0.8271302874888253
-0.07208394109066985
0.8373406107373079
-0.041452971345222134
0.8373406107373079
-0.021032324848256994
0.8475509339857905
0.009598644897190714
0.8475509339857905
0.030019291394155854
0.857761257234273
0.06065026113960356
0.857761257234273
0.07086058438808614
0.857761257234273
0.10149155413353385
0.857761257234273
0.13212252387898155
0.8475509339857905
0.16275349362442926
0.8475509339857905
0.20359478661835953
0.8475509339857905
0.21380510986684212
0.8475509339857905
0.24443607961228983
0.8373406107373079
0.2852773726062201
0.8373406107373079
0.3159083423516678
0.8271302874888253
0.3567496353455981
0.8271302874888253
0.39759092833952836
0.8169199642403427
0.41801157483649354
0.8169199642403427
0.4588528678304238
0.7964993177433776
0.4996941608243541
0.7862889944948951
0.5303251305698018
0.7760786712464125
0.571166423563732
0.7760786712464125
0.6017973933091798
0.7658683479979299
0.6222180398061449
0.7556580247494473
0.6630593328000752
0.7454477015009647
0.7039006257940055
0.7352373782524823
0.7447419187879357
0.7250270550039997
0.7855832117818661
0.7148167317555171
0.8060038582788311
0.7046064085070345
0.8366348280242789
0.6943960852585519
0.8672657977697266
0.6841857620100693
0.8978967675151743
0.6739754387615868
0.928527737260622
0.6739754387615868
0.9489483837575872
0.6637651155131042
0.9591587070060698
0.6535547922646217
0.9795793535030348
0.6433444690161391
0.9897896767515174
0.6331341457676565
1.0
0.6229238225191739
0
0
0
1
