-0.527441890104988
1.0
-0.527441890104988
0.9927671302713122
-0.527441890104988
0.9855342605426245
-0.527441890104988
0.9710685210852491
-0.527441890104988
0.9638356513565614
-0.527441890104988
0.9566027816278736
-0.5202090203763002
0.9421370421704982
-0.5202090203763002
0.9349041724418105
-0.5202090203763002
0.9276713027131227
-0.5202090203763002
0.920438432984435
-0.5202090203763002
0.9132055632557473
-0.5202090203763002
0.9059726935270596
-0.5129761506476126
0.8987398237983718
-0.5129761506476126
0.891506954069684
-0.5129761506476126
0.8842740843409963
-0.5129761506476126
0.8770412146123087
-0.5129761506476126
0.8698083448836209
-0.5129761506476126
0.8625754751549332
-0.5057432809189248
0.8553426054262454
-0.5057432809189248
0.8481097356975577
-0.5057432809189248
0.84087686596887
-0.5057432809189248
0.8336439962401823
-0.5057432809189248
0.8264111265114945
-0.4985104111902371
0.8119453870541191
-0.4985104111902371
0.8047125173254314
-0.4985104111902371
0.7974796475967436
-0.4985104111902371
0.7902467778680559
-0.4985104111902371
0.7830139081393681
-0.4912775414615494
0.7757810384106805
-0.4912775414615494
0.7685481686819927
-0.4912775414615494
0.761315298953305
-0.4912775414615494
0.7540824292246172
-0.48404467173286164
0.7468495594959295
-0.48404467173286164
0.7396166897672418
-0.48404467173286164
0.7251509503098663
-0.4768118020041739
0.7179180805811786
-0.4768118020041739
0.7106852108524909
-0.4768118020041739
0.7034523411238032
-0.4768118020041739
0.6962194713951154
-0.4695789322754862
0.6889866016664277
-0.4695789322754862
0.6745208622090523
-0.4695789322754862
0.6672879924803645
-0.46234606254679844
0.6600551227516768
-0.46234606254679844
0.652822253022989
-0.46234606254679844
0.6455893832943013
-0.45511319281811075
0.6311236438369259
-0.45511319281811075
0.6238907741082381
-0.45511319281811075
0.6094250346508627
-0.447880323089423
0.602192164922175
-0.447880323089423
0.5949592951934872
-0.447880323089423
0.5877264254647995
-0.447880323089423
0.5732606860074241
-0.4406474533607353
0.5660278162787363
-0.4406474533607353
0.5587949465500486
-0.4406474533607353
0.5443292070926731
-0.43341458363204755
0.5443292070926731
-0.43341458363204755
0.5298634676352977
-0.43341458363204755
0.5226305979066099
-0.4261817139033598
0.5081648584492345
-0.4261817139033598
0.49369911899185903
-0.4261817139033598
0.4864662492631713
-0.4189488441746721
0.4792333795344836
-0.4189488441746721
0.46476764007710814
-0.4189488441746721
0.4575347703484204
-0.41171597444598435
0.44306903089104493
-0.41171597444598435
0.4358361611623572
-0.41171597444598435
0.4286032914336695
-0.40448310471729665
0.41413755197629404
-0.40448310471729665
0.39967181251891853
-0.40448310471729665
0.39243894279023084
-0.3972502349886089
0.3779732033328554
-0.3972502349886089
0.36350746387547994
-0.3972502349886089
0.34904172441810444
-0.3900173652599212
0.334575984960729
-0.38278449553123345
0.3273431152320413
-0.38278449553123345
0.32011024550335354
-0.38278449553123345
0.3056445060459781
-0.3755516258025457
0.29841163631729034
-0.3755516258025457
0.29117876658860264
-0.368318756073858
0.2767130271312272
-0.368318756073858
0.26948015740253944
-0.368318756073858
0.26224728767385175
-0.36108588634517025
0.24778154821647627
-0.36108588634517025
0.24054867848778855
-0.35385301661648255
0.2333158087591008
-0.35385301661648255
0.21885006930172535
-0.3466201468877948
0.2043843298443499
-0.3466201468877948
0.18991859038697445
-0.3466201468877948
0.1826857206582867
-0.3393872771591071
0.17545285092959897
-0.3393872771591071
0.16821998120091125
-0.33215440743041935
0.16098711147222353
-0.33215440743041935
0.14652137201484808
-0.33215440743041935
0.13928850228616035
-0.3249215377017316
0.12482276282878489
-0.3176886679730439
0.11035702337140943
-0.3176886679730439
0.09589128391403397
-0.31045579824435615
0.08865841418534624
-0.30322292851566846
0.07419267472797078
-0.2959900587869807
0.05972693527059533
-0.2959900587869807
0.04526119581321988
-0.288757189058293
0.038028326084532146
-0.28152431932960525
0.02356258662715669
-0.28152431932960525
0.009096847169781234
-0.2742914496009175
0.0018639774410935054
-0.2670585798722298
-0.01260176201628195
-0.2670585798722298
-0.02706750147365741
-0.25982571014354205
-0.04153324093103286
-0.25259284041485436
-0.05599898038840832
-0.2453599706861666
-0.07046471984578377
-0.2453599706861666
-0.07769758957447151
-0.23812710095747888
-0.09216332903184696
-0.23812710095747888
-0.10662906848922242
-0.23089423122879116
-0.11386193821791014
-0.23089423122879116
-0.1283276776752856
-0.22366136150010343
-0.13556054740397333
-0.22366136150010343
-0.14279341713266105
-0.2164284917714157
-0.1572591565900365
-0.2164284917714157
-0.16449202631872425
-0.20919562204272799
-0.1789577657760997
-0.20196275231404023
-0.19342350523347515
-0.1947298825853525
-0.2078892446908506
-0.1947298825853525
-0.22235498414822608
-0.18749701285666479
-0.23682072360560152
-0.18026414312797706
-0.24405359333428925
-0.18026414312797706
-0.2585193327916647
-0.18026414312797706
-0.2657522025203524
-0.17303127339928934
-0.28021794197772787
-0.1657984036706016
-0.2874508117064156
-0.1657984036706016
-0.30191655116379107
-0.1585655339419139
-0.3163822906211665
-0.1585655339419139
-0.32361516034985427
-0.15133266421322614
-0.33084803007854197
-0.15133266421322614
-0.34531376953591747
-0.1440997944845384
-0.35254663926460517
-0.1368669247558507
-0.3597795089932929
-0.12963405502716296
-0.37424524845066837
-0.12963405502716296
-0.38147811817935606
-0.12240118529847524
-0.39594385763673157
-0.1151683155697875
-0.410409597094107
-0.10793544584109978
-0.42487533655148246
-0.10070257611241205
-0.4321082062801702
-0.09346970638372432
-0.44657394573754566
-0.09346970638372432
-0.45380681546623336
-0.08623683665503659
-0.4610396851949211
-0.07900396692634887
-0.47550542465229656
-0.07177109719766114
-0.4827382943809843
-0.07177109719766114
-0.49720403383835976
-0.07177109719766114
-0.5044369035670475
-0.0645382274689734
-0.5116697732957352
-0.05730535774028568
-0.5189026430244229
-0.05007248801159795
-0.5261355127531107
-0.042839618282910226
-0.5333683824817984
-0.042839618282910226
-0.5478341219391738
-0.035606748554222495
-0.5478341219391738
-0.028373878825534767
-0.5550669916678616
-0.02114100909684704
-0.5695327311252371
-0.02114100909684704
-0.5767656008539247
-0.013908139368159312
-0.5839984705826125
-0.0066752696394715835
-0.5912313403113002
-0.0066752696394715835
-0.598464210039988
5.576000892161447E-4
-0.6056970797686757
0.007790469817903873
-0.6129299494973633
0.007790469817903873
-0.6201628192260511
0.015023339546591602
-0.6273956889547389
0.015023339546591602
-0.6346285586834266
0.02225620927527933
-0.6418614284121144
0.02225620927527933
-0.649094298140802
0.029489079003967057
-0.649094298140802
0.03672194873265479
-0.6563271678694897
0.03672194873265479
-0.6635600375981775
0.03672194873265479
-0.6707929073268653
0.04395481846134251
-0.6707929073268653
0.051187688190030244
-0.678025777055553
0.051187688190030244
-0.6852586467842406
0.05842055791871797
-0.6924915165129284
0.05842055791871797
-0.6997243862416161
0.0656534276474057
-0.6997243862416161
0.0656534276474057
-0.7069572559703039
0.07288629737609342
-0.7141901256989915
0.08011916710478116
-0.7214229954276793
0.08011916710478116
-0.728655865156367
0.08735203683346889
-0.728655865156367
0.08735203683346889
-0.7358887348850548
0.09458490656215661
-0.7358887348850548
0.10181777629084433
-0.7431216046137425
0.10905064601953207
-0.7431216046137425
0.1162835157482198
-0.7431216046137425
0.12351638547690752
-0.7503544743424302
0.13074925520559524
-0.7503544743424302
0.13798212493428297
-0.7503544743424302
0.14521499466297072
-0.7575873440711179
0.15968073412034617
-0.7575873440711179
0.17414647357772162
-0.7575873440711179
0.18861221303509706
-0.7575873440711179
0.19584508276378482
-0.7575873440711179
0.20307795249247254
-0.7575873440711179
0.217543691949848
-0.7575873440711179
0.2247765616785357
-0.7575873440711179
0.23200943140722344
-0.7575873440711179
0.2392423011359112
-0.7575873440711179
0.2464751708645989
-0.7503544743424302
0.2537080405932866
-0.7503544743424302
0.26094091032197436
-0.7503544743424302
0.2681737800506621
-0.7431216046137425
0.2754066497793498
-0.7358887348850548
0.2754066497793498
-0.728655865156367
0.28263951950803756
-0.728655865156367
0.28987238923672526
-0.7214229954276793
0.28987238923672526
-0.7141901256989915
0.297105258965413
-0.7069572559703039
0.297105258965413
-0.6997243862416161
0.3043381286941007
-0.6997243862416161
0.3043381286941007
-0.6924915165129284
0.3043381286941007
-0.678025777055553
0.31157099842278846
-0.6707929073268653
0.31157099842278846
-0.6635600375981775
0.31157099842278846
-0.6563271678694897
0.31157099842278846
-0.649094298140802
0.31157099842278846
-0.6418614284121144
0.3188038681514762
-0.6346285586834266
0.3188038681514762
-0.6201628192260511
0.3188038681514762
-0.6129299494973633
0.3188038681514762
-0.6056970797686757
0.3188038681514762
-0.598464210039988
0.3188038681514762
-0.5912313403113002
0.3188038681514762
-0.5767656008539247
0.31157099842278846
-0.5695327311252371
0.31157099842278846
-0.5622998613965493
0.31157099842278846
-0.5550669916678616
0.3043381286941007
-0.5478341219391738
0.3043381286941007
-0.5406012522104862
0.297105258965413
-0.5333683824817984
0.28987238923672526
-0.5261355127531107
0.28987238923672526
-0.5189026430244229
0.28263951950803756
-0.5044369035670475
0.28263951950803756
-0.49720403383835976
0.2754066497793498
-0.489971164109672
0.2754066497793498
-0.4827382943809843
0.2681737800506621
-0.47550542465229656
0.26094091032197436
-0.4610396851949211
0.2537080405932866
-0.45380681546623336
0.2464751708645989
-0.44657394573754566
0.2464751708645989
-0.4393410760088579
0.2392423011359112
-0.4393410760088579
0.2392423011359112
-0.4321082062801702
0.23200943140722344
-0.42487533655148246
0.2247765616785357
-0.4176424668227947
0.217543691949848
-0.410409597094107
0.21031082222116027
-0.410409597094107
0.21031082222116027
-0.40317672736541926
0.20307795249247254
-0.39594385763673157
0.19584508276378482
-0.39594385763673157
0.18861221303509706
-0.3887109879080438
0.18137934330640934
-0.3887109879080438
0.17414647357772162
-0.38147811817935606
0.1669136038490339
-0.38147811817935606
0.15968073412034617
-0.37424524845066837
0.15244786439165844
-0.3670123787219806
0.14521499466297072
-0.3597795089932929
0.13798212493428297
-0.3597795089932929
0.13074925520559524
-0.3597795089932929
0.13074925520559524
-0.35254663926460517
0.12351638547690752
-0.35254663926460517
0.1162835157482198
-0.34531376953591747
0.10181777629084433
-0.34531376953591747
0.09458490656215661
-0.3380808998072297
0.08735203683346889
-0.3380808998072297
0.08011916710478116
-0.3380808998072297
0.07288629737609342
-0.33084803007854197
0.0656534276474057
-0.32361516034985427
0.05842055791871797
-0.32361516034985427
0.051187688190030244
-0.3163822906211665
0.04395481846134251
-0.3091494208924788
0.03672194873265479
-0.3091494208924788
0.04395481846134251
-0.3091494208924788
0.051187688190030244
-0.3091494208924788
0.05842055791871797
-0.3091494208924788
0.0656534276474057
-0.3163822906211665
0.07288629737609342
-0.3163822906211665
0.08011916710478116
-0.3163822906211665
0.08735203683346889
-0.3163822906211665
0.09458490656215661
-0.3163822906211665
0.10905064601953207
-0.3163822906211665
0.1162835157482198
-0.3163822906211665
0.12351638547690752
-0.3163822906211665
0.13074925520559524
-0.3163822906211665
0.13798212493428297
-0.3163822906211665
0.14521499466297072
-0.3163822906211665
0.15244786439165844
-0.3163822906211665
0.15968073412034617
-0.3163822906211665
0.1669136038490339
-0.3163822906211665
0.17414647357772162
-0.3163822906211665
0.18137934330640934
-0.3163822906211665
0.18861221303509706
-0.3163822906211665
0.19584508276378482
-0.3163822906211665
0.20307795249247254
-0.3163822906211665
0.21031082222116027
-0.3091494208924788
0.217543691949848
-0.3091494208924788
0.2247765616785357
-0.3091494208924788
0.23200943140722344
-0.30191655116379107
0.2392423011359112
-0.30191655116379107
0.2464751708645989
-0.2946836814351034
0.2537080405932866
-0.2946836814351034
0.26094091032197436
-0.2946836814351034
0.2681737800506621
-0.2874508117064156
0.2754066497793498
-0.2874508117064156
0.2754066497793498
-0.28021794197772787
0.28263951950803756
-0.2729850722490402
0.28987238923672526
-0.2729850722490402
0.297105258965413
-0.2657522025203524
0.3043381286941007
-0.2585193327916647
0.31157099842278846
-0.251286463062977
0.3188038681514762
-0.24405359333428925
0.3260367378801639
-0.23682072360560152
0.33326960760885166
-0.2295878538769138
0.34050247733753936
-0.22235498414822608
0.3477353470662271
-0.2078892446908506
0.3477353470662271
-0.20065637496216288
0.3549682167949148
-0.19342350523347515
0.36220108652360256
-0.18619063550478743
0.3694339562522903
-0.1789577657760997
0.3694339562522903
-0.16449202631872425
0.376666825980978
-0.1572591565900365
0.38389969570966576
-0.15002628686134878
0.38389969570966576
-0.14279341713266105
0.39113256543835345
-0.13556054740397333
0.3983654351670412
-0.12109480794659787
0.3983654351670412
-0.11386193821791014
0.4055983048957289
-0.10662906848922242
0.4055983048957289
-0.0993961987605347
0.41283117462441665
-0.08493045930315923
0.4200640443531044
-0.07046471984578377
0.4200640443531044
-0.06323185011709605
0.4200640443531044
-0.04876611065972059
0.4272969140817921
-0.04153324093103286
0.4272969140817921
-0.02706750147365741
0.43452978381047985
-0.01260176201628195
0.43452978381047985
0.0018639774410935054
0.43452978381047985
0.009096847169781234
0.44176265353916755
0.02356258662715669
0.44176265353916755
0.03079545635584442
0.44176265353916755
0.04526119581321988
0.44176265353916755
0.0524940655419076
0.44176265353916755
0.06695980499928306
0.44176265353916755
0.08142554445665852
0.44176265353916755
0.08865841418534624
0.44176265353916755
0.1031241536427217
0.44176265353916755
0.11758989310009715
0.44176265353916755
0.1320556325574726
0.43452978381047985
0.14652137201484808
0.43452978381047985
0.16098711147222353
0.43452978381047985
0.16821998120091125
0.4272969140817921
0.1826857206582867
0.4272969140817921
0.19715146011566217
0.4272969140817921
0.21161719957303762
0.4200640443531044
0.22608293903041307
0.4200640443531044
0.2333158087591008
0.41283117462441665
0.24778154821647627
0.41283117462441665
0.255014417945164
0.4055983048957289
0.26948015740253944
0.3983654351670412
0.2839458968599149
0.39113256543835345
0.2839458968599149
0.39113256543835345
0.29841163631729034
0.38389969570966576
0.31287737577466584
0.38389969570966576
0.32011024550335354
0.376666825980978
0.334575984960729
0.376666825980978
0.34180885468941674
0.3694339562522903
0.3562745941467922
0.36220108652360256
0.36350746387547994
0.36220108652360256
0.37074033360416764
0.3549682167949148
0.3779732033328554
0.3477353470662271
0.3852060730615431
0.3477353470662271
0.39243894279023084
0.34050247733753936
0.39967181251891853
0.33326960760885166
0.4069046822476063
0.33326960760885166
0.41413755197629404
0.3260367378801639
0.42137042170498173
0.3188038681514762
0.4286032914336695
0.31157099842278846
0.4358361611623572
0.3043381286941007
0.44306903089104493
0.28987238923672526
0.45030190061973263
0.28263951950803756
0.4575347703484204
0.2754066497793498
0.4575347703484204
0.2681737800506621
0.4575347703484204
0.26094091032197436
0.46476764007710814
0.2464751708645989
0.47200050980579583
0.23200943140722344
0.47200050980579583
0.2247765616785357
0.4792333795344836
0.21031082222116027
0.4792333795344836
0.20307795249247254
0.4864662492631713
0.19584508276378482
0.4864662492631713
0.18861221303509706
0.4864662492631713
0.17414647357772162
0.49369911899185903
0.1669136038490339
0.49369911899185903
0.15244786439165844
0.5009319887205468
0.14521499466297072
0.5009319887205468
0.13798212493428297
0.5009319887205468
0.13074925520559524
0.5009319887205468
0.12351638547690752
0.5081648584492345
0.1162835157482198
0.5081648584492345
0.10905064601953207
0.5081648584492345
0.10181777629084433
0.5081648584492345
0.09458490656215661
0.5081648584492345
0.08735203683346889
0.5081648584492345
0.08011916710478116
0.5081648584492345
0.07288629737609342
0.5153977281779222
0.05842055791871797
0.5153977281779222
0.051187688190030244
0.5153977281779222
0.04395481846134251
0.5153977281779222
0.03672194873265479
0.5081648584492345
0.02225620927527933
0.5081648584492345
0.015023339546591602
0.5081648584492345
0.007790469817903873
0.5009319887205468
-0.0066752696394715835
0.5009319887205468
-0.013908139368159312
0.5009319887205468
-0.028373878825534767
0.49369911899185903
-0.035606748554222495
0.4864662492631713
-0.05007248801159795
0.4864662492631713
-0.05730535774028568
0.4864662492631713
-0.0645382274689734
0.4792333795344836
-0.07177109719766114
0.47200050980579583
-0.08623683665503659
0.47200050980579583
-0.09346970638372432
0.46476764007710814
-0.10070257611241205
0.4575347703484204
-0.10793544584109978
0.4575347703484204
-0.1151683155697875
0.45030190061973263
-0.12240118529847524
0.45030190061973263
-0.12963405502716296
0.44306903089104493
-0.1368669247558507
0.4358361611623572
-0.1440997944845384
0.4286032914336695
-0.15133266421322614
0.42137042170498173
-0.1585655339419139
0.41413755197629404
-0.1657984036706016
0.39967181251891853
-0.17303127339928934
0.39967181251891853
-0.18026414312797706
0.39243894279023084
-0.18749701285666479
0.3852060730615431
-0.1947298825853525
0.3779732033328554
-0.1947298825853525
0.37074033360416764
-0.20196275231404023
0.36350746387547994
-0.20196275231404023
0.3562745941467922
-0.20196275231404023
0.34904172441810444
-0.20919562204272799
0.34904172441810444
-0.20919562204272799
0.34180885468941674
-0.20919562204272799
0.334575984960729
-0.20919562204272799
0.3273431152320413
-0.2164284917714157
0.3273431152320413
-0.2164284917714157
0.32011024550335354
-0.2164284917714157
0.31287737577466584
-0.2164284917714157
0.3056445060459781
-0.22366136150010343
0.3056445060459781
-0.22366136150010343
0.29841163631729034
-0.22366136150010343
0.29117876658860264
-0.22366136150010343
0.2839458968599149
0
1
0
0
