-0.2768753820627021
1.0
-0.2768753820627021
0.9860274211859227
-0.28386167146974084
0.9720548423718453
-0.2768753820627021
0.9650685529648065
-0.2768753820627021
0.9510959741507292
-0.28386167146974084
0.9371233953366518
-0.28386167146974084
0.9161645271155358
-0.28386167146974084
0.9021919483014584
-0.2768753820627021
0.8952056588944197
-0.28386167146974084
0.8812330800803423
-0.28386167146974084
0.867260501266265
-0.2908479608767795
0.8532879224521875
-0.2908479608767795
0.8323290542310715
-0.2908479608767795
0.8183564754169942
-0.2978342502838182
0.8113701860099555
-0.2978342502838182
0.7904113177888394
-0.2978342502838182
0.776438738974762
-0.2978342502838182
0.755479870753646
-0.2978342502838182
0.7345210025325299
-0.3048205396908569
0.7275347131254912
-0.3048205396908569
0.7065758449043752
-0.3048205396908569
0.685616976683259
-0.3048205396908569
0.6716443978691817
-0.3048205396908569
0.6506855296480657
-0.3048205396908569
0.6367129508339883
-0.3048205396908569
0.622740372019911
-0.3048205396908569
0.6087677932058335
-0.3048205396908569
0.5878089249847175
-0.3048205396908569
0.57383634617064
-0.3048205396908569
0.552877477949524
-0.3048205396908569
0.531918609728408
-0.3118068290978956
0.5249323203213693
-0.3118068290978956
0.510959741507292
-0.3118068290978956
0.49000087328617586
-0.3048205396908569
0.4760282944720985
-0.3118068290978956
0.4550694262509824
-0.3048205396908569
0.44808313684394374
-0.3048205396908569
0.42712426862282765
-0.3048205396908569
0.4061654004017116
-0.3048205396908569
0.39219282158763424
-0.3048205396908569
0.37822024277355687
-0.3048205396908569
0.3642476639594795
-0.3048205396908569
0.3502750851454021
-0.3118068290978956
0.33630250633132475
-0.3048205396908569
0.31534363811020866
-0.3048205396908569
0.3013710592961313
-0.3048205396908569
0.28041219107501525
-0.3048205396908569
0.25945332285389916
-0.3048205396908569
0.2524670334468605
-0.3048205396908569
0.2315081652257444
-0.3048205396908569
0.21753558641166704
-0.2978342502838182
0.19657671819055098
-0.2978342502838182
0.1826041393764736
-0.2978342502838182
0.1756178499694349
-0.2978342502838182
0.15465898174831885
-0.2978342502838182
0.14068640293424148
-0.2908479608767795
0.11972753471312542
-0.2908479608767795
0.10575495589904804
-0.2908479608767795
0.08479608767793198
-0.2908479608767795
0.0778097982708933
-0.2908479608767795
0.06383721945681592
-0.28386167146974084
0.042878351235699864
-0.28386167146974084
0.021919483014583803
-0.28386167146974084
9.6061479346774E-4
-0.28386167146974084
-0.0060256746135709475
-0.2768753820627021
-0.01999825342764832
-0.2768753820627021
-0.04095712164876438
-0.2768753820627021
-0.054929700462841756
-0.26988909265566347
-0.06890227927691914
-0.26988909265566347
-0.08287485809099651
-0.26988909265566347
-0.0898611474980352
-0.26290280324862475
-0.10383372631211257
-0.26290280324862475
-0.12479259453322863
-0.26290280324862475
-0.138765173347306
-0.2559165138415861
-0.15273775216138338
-0.2559165138415861
-0.17369662038249944
-0.2559165138415861
-0.18068290978953813
-0.2559165138415861
-0.1946554886036155
-0.24893022443454738
-0.20862806741769288
-0.24893022443454738
-0.22958693563880894
-0.2419439350275087
-0.24355951445288632
-0.2419439350275087
-0.250545803859925
-0.23495764562047
-0.26451838267400235
-0.23495764562047
-0.2784909614880797
-0.23495764562047
-0.2924635403021571
-0.22797135621343131
-0.3064361191162345
-0.22797135621343131
-0.32040869793031185
-0.22098506680639263
-0.32739498733735056
-0.21399877739935394
-0.34136756615142794
-0.21399877739935394
-0.3553401449655053
-0.20701248799231525
-0.37629901318662135
-0.20002619858527657
-0.39725788140773743
-0.20002619858527657
-0.4042441708147761
-0.19303990917823788
-0.4252030390358922
-0.1860536197711992
-0.43917561784996956
-0.17208104095712182
-0.45314819666404693
-0.16509475155008313
-0.4671207754781243
-0.15810846214304444
-0.4810933542922017
-0.15810846214304444
-0.48807964369924034
-0.15112217273600576
-0.5020522225133177
-0.14413588332896707
-0.5160248013273951
-0.1301633045148897
-0.5299973801414725
-0.123177015107851
-0.5439699589555499
-0.123177015107851
-0.5509562483625885
-0.10920443629377363
-0.5649288271766659
-0.10221814688673495
-0.5789014059907432
-0.08824556807265757
-0.5928739848048207
-0.08125927866561888
-0.5998602742118594
-0.06728669985154151
-0.6138328530259367
-0.06030041044450283
-0.6208191424329754
-0.046327831630425455
-0.6347917212470527
-0.03235525281634808
-0.6417780106540915
-0.018382674002270706
-0.6557505894681689
-0.00441009518819333
-0.6627368788752075
0.009562483625884044
-0.6697231682822462
0.01654877303292273
-0.6767094576892849
0.030521351847000104
-0.6836957470963236
0.04449393066107748
-0.6836957470963236
0.05846650947515485
-0.6836957470963236
0.07243908828923223
-0.6906820365033622
0.08641166710330961
-0.6906820365033622
0.10038424591738698
-0.6906820365033622
0.11435682473146436
-0.6836957470963236
0.12832940354554173
-0.6836957470963236
0.1423019823596191
-0.6836957470963236
0.1492882717666578
-0.6767094576892849
0.16326085058073517
-0.6697231682822462
0.17024713998777385
-0.6697231682822462
0.18421971880185123
-0.6557505894681689
0.1981922976159286
-0.6487643000611302
0.2051785870229673
-0.6487643000611302
0.21216487643000598
-0.6347917212470527
0.22613745524408335
-0.6208191424329754
0.23312374465112204
-0.606846563618898
0.24011003405816073
-0.5928739848048207
0.2470963234651994
-0.585887695397782
0.2540826128722381
-0.5789014059907432
0.2540826128722381
-0.5649288271766659
0.26106890227927676
-0.5509562483625885
0.26106890227927676
-0.5369836695485112
0.2680551916863155
-0.5230110907344337
0.2680551916863155
-0.5160248013273951
0.2680551916863155
-0.5090385119203564
0.26106890227927676
-0.49506593310627905
0.26106890227927676
-0.4810933542922017
0.2540826128722381
-0.4601344860710856
0.2540826128722381
-0.4461619072570082
0.2540826128722381
-0.43917561784996956
0.2470963234651994
-0.4252030390358922
0.24011003405816073
-0.4112304602218148
0.23312374465112204
-0.39725788140773743
0.22613745524408335
-0.38328530259366006
0.21216487643000598
-0.3693127237795827
0.2051785870229673
-0.3553401449655053
0.1981922976159286
-0.34136756615142794
0.18421971880185123
-0.3343812767443892
0.17723342939481254
-0.32040869793031185
0.17024713998777385
-0.32040869793031185
0.16326085058073517
-0.3134224085232732
0.15627456117369648
-0.3064361191162345
0.1492882717666578
-0.2994498297091958
0.1423019823596191
-0.28547725089511844
0.13531569295258042
-0.28547725089511844
0.13531569295258042
-0.2784909614880797
0.12832940354554173
-0.2784909614880797
0.11435682473146436
-0.27150467208104107
0.10737053532442567
-0.26451838267400235
0.0933979565103483
-0.26451838267400235
0.08641166710330961
-0.2575320932669637
0.07942537769627092
-0.2575320932669637
0.06545279888219355
-0.250545803859925
0.051480220068116166
-0.250545803859925
0.03750764125403879
-0.24355951445288632
0.023535062439961417
-0.24355951445288632
0.009562483625884044
-0.23657322504584763
-0.00441009518819333
-0.23657322504584763
-0.011396384595232017
-0.23657322504584763
-0.02536896340930939
-0.22958693563880894
-0.03235525281634808
-0.22260064623177026
-0.03934154222338677
-0.22260064623177026
-0.046327831630425455
-0.22260064623177026
-0.05331412103746414
-0.22260064623177026
-0.06030041044450283
-0.22260064623177026
-0.06728669985154151
-0.22260064623177026
-0.0742729892585802
-0.22260064623177026
-0.06030041044450283
-0.22260064623177026
-0.046327831630425455
-0.22958693563880894
-0.03235525281634808
-0.22958693563880894
-0.011396384595232017
-0.23657322504584763
0.002576194218845357
-0.23657322504584763
0.009562483625884044
-0.23657322504584763
0.023535062439961417
-0.23657322504584763
0.04449393066107748
-0.24355951445288632
0.05846650947515485
-0.23657322504584763
0.07243908828923223
-0.23657322504584763
0.08641166710330961
-0.23657322504584763
0.0933979565103483
-0.23657322504584763
0.10737053532442567
-0.23657322504584763
0.12134311413850304
-0.23657322504584763
0.13531569295258042
-0.23657322504584763
0.1492882717666578
-0.24355951445288632
0.16326085058073517
-0.23657322504584763
0.17024713998777385
-0.23657322504584763
0.18421971880185123
-0.23657322504584763
0.2051785870229673
-0.23657322504584763
0.21915116583704466
-0.22958693563880894
0.23312374465112204
-0.22958693563880894
0.24011003405816073
-0.22958693563880894
0.2540826128722381
-0.22260064623177026
0.2680551916863155
-0.21561435682473157
0.28202777050039285
-0.20862806741769288
0.2960003493144702
-0.20862806741769288
0.3029866387215089
-0.2016417780106542
0.3099729281285476
-0.1946554886036155
0.323945506942625
-0.18766919919657682
0.33093179634966363
-0.18068290978953813
0.33791808575670235
-0.17369662038249944
0.344904375163741
-0.16671033097546076
0.3588769539778184
-0.15972404156842207
0.3588769539778184
-0.15273775216138338
0.37284953279189575
-0.138765173347306
0.37983582219893447
-0.13177888394026732
0.38682211160597313
-0.11780630512618995
0.39380840101301184
-0.10383372631211257
0.39380840101301184
-0.09684743690507389
0.4007946904200505
-0.08287485809099651
0.4007946904200505
-0.06890227927691914
0.4077809798270892
-0.054929700462841756
0.4077809798270892
-0.04794341105580307
0.4077809798270892
-0.033970832241725694
0.4077809798270892
-0.026984542834687007
0.4147672692341279
-0.013011964020609635
0.4147672692341279
9.6061479346774E-4
0.4147672692341279
0.021919483014583803
0.4147672692341279
0.02890577242162249
0.4147672692341279
0.03589206182866118
0.4147672692341279
0.04986464064273855
0.4147672692341279
0.06383721945681592
0.4077809798270892
0.0778097982708933
0.4077809798270892
0.09178237708497067
0.4077809798270892
0.10575495589904804
0.4077809798270892
0.11274124530608673
0.4007946904200505
0.11972753471312542
0.39380840101301184
0.1337001135272028
0.38682211160597313
0.14767269234128017
0.37983582219893447
0.16164527115535754
0.37983582219893447
0.1756178499694349
0.3658632433848571
0.1895904287835123
0.3588769539778184
0.20356300759758966
0.344904375163741
0.21753558641166704
0.33791808575670235
0.2315081652257444
0.323945506942625
0.24548074403982179
0.323945506942625
0.2524670334468605
0.3099729281285476
0.2664396122609379
0.3029866387215089
0.27342590166797653
0.2960003493144702
0.2873984804820539
0.28202777050039285
0.2873984804820539
0.27504148109335413
0.2943847698890926
0.2680551916863155
0.3013710592961313
0.2540826128722381
0.31534363811020866
0.23312374465112204
0.32232992751724737
0.21915116583704466
0.32931621692428603
0.2051785870229673
0.33630250633132475
0.1981922976159286
0.33630250633132475
0.18421971880185123
0.3432887957383634
0.17723342939481254
0.3432887957383634
0.16326085058073517
0.3502750851454021
0.15627456117369648
0.3502750851454021
0.1492882717666578
0.3572613745524408
0.13531569295258042
0.3572613745524408
0.12832940354554173
0.3642476639594795
0.11435682473146436
0.3642476639594795
0.10038424591738698
0.3642476639594795
0.08641166710330961
0.3642476639594795
0.07942537769627092
0.37123395336651815
0.07243908828923223
0.37123395336651815
0.06545279888219355
0.37123395336651815
0.051480220068116166
0.37822024277355687
0.04449393066107748
0.37822024277355687
0.03750764125403879
0.37822024277355687
0.030521351847000104
0.37822024277355687
0.01654877303292273
0.37822024277355687
0.002576194218845357
0.37822024277355687
-0.00441009518819333
0.37822024277355687
-0.011396384595232017
0.37123395336651815
-0.018382674002270706
0.37123395336651815
-0.02536896340930939
0.37123395336651815
-0.03934154222338677
0.37123395336651815
-0.046327831630425455
0.3642476639594795
-0.05331412103746414
0.3642476639594795
-0.06030041044450283
0.3642476639594795
-0.06728669985154151
0.3572613745524408
-0.0742729892585802
0.3572613745524408
-0.08125927866561888
0.3502750851454021
-0.08824556807265757
0.3502750851454021
-0.09523185747969626
0.3432887957383634
-0.10221814688673495
0.3432887957383634
-0.10920443629377363
0.33630250633132475
-0.11619072570081232
0.33630250633132475
-0.123177015107851
0.32931621692428603
-0.1301633045148897
0.32232992751724737
-0.13714959392192838
0.31534363811020866
-0.14413588332896707
0.30835734870317
-0.15112217273600576
0.3013710592961313
-0.15112217273600576
0.2943847698890926
-0.15810846214304444
0.2943847698890926
-0.15810846214304444
0.2873984804820539
-0.16509475155008313
0.2873984804820539
-0.16509475155008313
0.28041219107501525
-0.17208104095712182
0.2664396122609379
-0.1790673303641605
0.25945332285389916
-0.1790673303641605
0.2524670334468605
-0.1790673303641605
0.24548074403982179
-0.1860536197711992
0.24548074403982179
-0.1790673303641605
0.2384944546327831
-0.1860536197711992
0.2384944546327831
-0.1860536197711992
0.2315081652257444
-0.1860536197711992
0.22452187581870572
-0.19303990917823788
0.21753558641166704
-0.19303990917823788
0.21054929700462835
0
1
0
0
