0.19949202388378937
-1.0
0.19949202388378937
-0.9895731218251492
0.19949202388378937
-0.9687193654754478
0.18906514570893865
-0.9478656091257464
0.18906514570893865
-0.9374387309508957
0.18906514570893865
-0.9165849746011941
0.18906514570893865
-0.8957312182514927
0.18906514570893865
-0.8748774619017913
0.18906514570893865
-0.8540237055520898
0.1786382675340879
-0.8435968273772391
0.1786382675340879
-0.8227430710275376
0.1786382675340879
-0.8018893146778362
0.1786382675340879
-0.7914624365029855
0.1786382675340879
-0.770608680153284
0.1786382675340879
-0.7497549238035826
0.18906514570893865
-0.7497549238035826
0.18906514570893865
-0.7289011674538811
0.1786382675340879
-0.7184742892790305
0.1786382675340879
-0.6976205329293289
0.1786382675340879
-0.6871936547544782
0.1786382675340879
-0.6663398984047768
0.16821138935923718
-0.6663398984047768
0.16821138935923718
-0.6454861420550754
0.16821138935923718
-0.6246323857053738
0.16821138935923718
-0.6037786293556724
0.16821138935923718
-0.582924873005971
0.15778451118438647
-0.5724979948311203
0.15778451118438647
-0.5516442384814187
0.15778451118438647
-0.5307904821317173
0.14735763300953575
-0.5099367257820159
0.14735763300953575
-0.4786560912574637
0.136930754834685
-0.45780233490776223
0.136930754834685
-0.4473754567329115
0.136930754834685
-0.4265217003832101
0.12650387665983429
-0.40566794403350864
0.12650387665983429
-0.38481418768380715
0.11607699848498355
-0.3639604313341057
0.11607699848498355
-0.353533553159255
0.10565012031013284
-0.33267979680955356
0.10565012031013284
-0.3222529186347028
0.10565012031013284
-0.30139916228500135
0.0952232421352821
-0.2701185277604492
0.0952232421352821
-0.24926477141074774
0.0952232421352821
-0.23883789323589702
0.08479636396043139
-0.21798413688619556
0.07436948578558066
-0.1971303805364941
0.07436948578558066
-0.17627662418679266
0.06394260761072992
-0.14499598966224048
0.053515729435879206
-0.13456911148738976
0.053515729435879206
-0.1137153551376883
0.04308885126102848
-0.09286159878798685
0.03266197308617775
-0.0720078424382854
0.022235094911327025
-0.05115408608858394
0.0118082167364763
-0.040727207913733215
0.0118082167364763
-0.00944657338918104
0.0013813385616255741
0.011407182960520412
-0.009045539613225151
0.032260939310221864
-0.019472417788075878
0.053114695659923314
-0.029899295962926602
0.07396845200962476
-0.029899295962926602
0.0843953301844755
-0.04032617413777733
0.10524908653417694
-0.050753052312628055
0.1261028428838784
-0.06117993048747878
0.14695659923357984
-0.0716068086623295
0.1678103555832813
-0.0716068086623295
0.17823723375813202
-0.08203368683718024
0.18866411193298274
-0.09246056501203095
0.2095178682826842
-0.10288744318688169
0.23037162463238567
-0.11331432136173242
0.25122538098208713
-0.12374119953658314
0.26165225915693785
-0.13416807771143385
0.27207913733178857
-0.1445949558862846
0.29293289368149
-0.15502183406113532
0.3033597718563407
-0.16544871223598603
0.3242135282060422
-0.17587559041083678
0.34506728455574365
-0.1863024685856875
0.34506728455574365
-0.19672934676053822
0.3659210409054451
-0.19672934676053822
0.3763479190802958
-0.20715622493538893
0.3867747972551465
-0.2280099812850904
0.407628553604848
-0.23843685945994111
0.4180554317796987
-0.24886373763479186
0.42848230995454945
-0.2592906158096426
0.43890918812940016
-0.2697174939844933
0.4493360663042509
-0.29057125033419473
0.4493360663042509
-0.29057125033419473
0.4597629444791016
-0.3009981285090455
0.4597629444791016
-0.32185188485874694
0.47018982265395237
-0.33227876303359766
0.47018982265395237
-0.3427056412084484
0.4806167008288031
-0.3531325193832991
0.4806167008288031
-0.3739862757330006
0.4806167008288031
-0.394840032082702
0.4910435790036538
-0.41569378843240345
0.4910435790036538
-0.4261206666072542
0.4910435790036538
-0.44697442295695566
0.4910435790036538
-0.4678281793066571
0.4910435790036538
-0.4782550574815078
0.4910435790036538
-0.48868193565635853
0.4806167008288031
-0.49910881383120925
0.47018982265395237
-0.50953569200606
0.47018982265395237
-0.5199625701809107
0.4597629444791016
-0.5303894483557614
0.4493360663042509
-0.5408163265306122
0.42848230995454945
-0.551243204705463
0.4180554317796987
-0.5616700828803136
0.3972016754299973
-0.5616700828803136
0.3867747972551465
-0.5720969610551644
0.3763479190802958
-0.582523839230015
0.35549416273059437
-0.5929507174048658
0.33464040638089293
-0.6033775955797165
0.31378665003119144
-0.6033775955797165
0.3033597718563407
-0.6138044737545673
0.29293289368149
-0.624231351929418
0.27207913733178857
-0.624231351929418
0.25122538098208713
-0.6346582301042687
0.2407985028072364
-0.6346582301042687
0.21994474645753492
-0.6450851082791195
0.1990909901078335
-0.6450851082791195
0.18866411193298274
-0.6450851082791195
0.1678103555832813
-0.6555119864539701
0.15738347740843056
-0.6555119864539701
0.13652972105872913
-0.6555119864539701
0.11567596470902768
-0.6450851082791195
0.09482220835932621
-0.6450851082791195
0.07396845200962476
-0.6346582301042687
0.06354157383477405
-0.6346582301042687
0.053114695659923314
-0.624231351929418
0.04268781748507259
-0.6138044737545673
0.021834061135371136
-0.6033775955797165
0.011407182960520412
-0.5929507174048658
9.803047856696858E-4
-0.582523839230015
-0.019873451564031766
-0.5720969610551644
-0.019873451564031766
-0.5616700828803136
-0.03030032973888249
-0.5408163265306122
-0.040727207913733215
-0.5199625701809107
-0.05115408608858394
-0.49910881383120925
-0.0720078424382854
-0.48868193565635853
-0.0720078424382854
-0.4678281793066571
-0.08243472061313613
-0.44697442295695566
-0.09286159878798685
-0.41569378843240345
-0.10328847696283758
-0.394840032082702
-0.1137153551376883
-0.3739862757330006
-0.12414223331253903
-0.3635593975581498
-0.13456911148738976
-0.3427056412084484
-0.13456911148738976
-0.32185188485874694
-0.14499598966224048
-0.3009981285090455
-0.1554228678370912
-0.29057125033419473
-0.1554228678370912
-0.2697174939844933
-0.16584974601194194
-0.2592906158096426
-0.16584974601194194
-0.23843685945994111
-0.16584974601194194
-0.2280099812850904
-0.17627662418679266
-0.20715622493538893
-0.17627662418679266
-0.1863024685856875
-0.17627662418679266
-0.17587559041083678
-0.17627662418679266
-0.15502183406113532
-0.17627662418679266
-0.13416807771143385
-0.17627662418679266
-0.11331432136173242
-0.17627662418679266
-0.09246056501203095
-0.16584974601194194
-0.0716068086623295
-0.16584974601194194
-0.06117993048747878
-0.1554228678370912
-0.04032617413777733
-0.1554228678370912
-0.029899295962926602
-0.14499598966224048
-0.009045539613225151
-0.14499598966224048
0.0118082167364763
-0.13456911148738976
0.022235094911327025
-0.13456911148738976
0.03266197308617775
-0.12414223331253903
0.04308885126102848
-0.1137153551376883
0.06394260761072992
-0.10328847696283758
0.07436948578558066
-0.10328847696283758
0.0952232421352821
-0.09286159878798685
0.0952232421352821
-0.08243472061313613
0.10565012031013284
-0.08243472061313613
0.11607699848498355
-0.0720078424382854
0.12650387665983429
-0.06158096426343467
0.136930754834685
-0.05115408608858394
0.14735763300953575
-0.05115408608858394
0.15778451118438647
-0.040727207913733215
0.16821138935923718
-0.03030032973888249
0.1786382675340879
-0.019873451564031766
0.18906514570893865
-0.00944657338918104
0.20991890205864008
9.803047856696858E-4
0.20991890205864008
0.011407182960520412
0.22034578023349083
0.021834061135371136
0.24119953658319226
0.032260939310221864
0.251626414758043
0.04268781748507259
0.2724801711077445
0.06354157383477405
0.2829070492825952
0.07396845200962476
0.2933339274574459
0.0843953301844755
0.31418768380714734
0.09482220835932621
0.32461456198199806
0.10524908653417694
0.34546831833169955
0.11567596470902768
0.35589519650655027
0.1261028428838784
0.366322074681401
0.1261028428838784
0.3767489528562517
0.13652972105872913
0.39760270920595314
0.14695659923357984
0.40802958738080386
0.15738347740843056
0.41845646555565463
0.17823723375813202
0.43931022190535607
0.17823723375813202
0.4497371000802068
0.18866411193298274
0.4601639782550575
0.1990909901078335
0.4705908564299082
0.1990909901078335
0.4914446127796097
0.2095178682826842
0.5018714909544604
0.21994474645753492
0.5227252473041619
0.23037162463238567
0.5331521254790126
0.2407985028072364
0.554005881828714
0.25122538098208713
0.5644327600035648
0.26165225915693785
0.5852865163532662
0.26165225915693785
0.5852865163532662
0.27207913733178857
0.6061402727029677
0.27207913733178857
0.6165671508778184
0.2825060155066393
0.6374209072275199
0.29293289368149
0.6478477854023705
0.29293289368149
0.6582746635772213
0.3033597718563407
0.6687015417520721
0.3033597718563407
0.6791284199269227
0.31378665003119144
0.6999821762766242
0.31378665003119144
0.710409054451475
0.31378665003119144
0.7208359326263256
0.3242135282060422
0.7312628108011764
0.33464040638089293
0.7416896889760272
0.33464040638089293
0.7521165671508778
0.34506728455574365
0.7625434453257286
0.34506728455574365
0.7729703235005793
0.34506728455574365
0.78339720167543
0.35549416273059437
0.7938240798502807
0.35549416273059437
0.7938240798502807
0.3659210409054451
0.8042509580251315
0.3659210409054451
0.8146778361999822
0.3659210409054451
0.8146778361999822
0.3763479190802958
0.8251047143748329
0.3763479190802958
0.8251047143748329
0.3867747972551465
0.8355315925496837
0.3867747972551465
1
0
0
0
