0.4089785532533624
-0.9325699745547074
0.3993456924754635
-0.9422028353326063
0.38971283169756454
-0.9422028353326063
0.38007997091966556
-0.9518356961105052
0.3608142493638677
-0.9614685568884043
0.35118138858596876
-0.9711014176663032
0.34154852780806977
-0.9711014176663032
0.33191566703017084
-0.9807342784442021
0.3222828062522719
-0.9807342784442021
0.31264994547437297
-0.9807342784442021
0.29338422391857505
-0.9903671392221011
0.2741185023627772
-0.9903671392221011
0.25485278080697926
-0.9903671392221011
0.23558705925118137
-0.9903671392221011
0.21632133769538348
-1.0
0.19705561613958558
-1.0
0.1777898945837877
-1.0
0.16815703380588876
-1.0
0.14889131225009086
-0.9903671392221011
0.12962559069429297
-0.9903671392221011
0.11999272991639401
-0.9903671392221011
0.10072700836059612
-0.9903671392221011
0.08146128680479822
-0.9807342784442021
0.062195565249000336
-0.9807342784442021
0.04292984369320244
-0.9711014176663032
0.014031261359505602
-0.9711014176663032
0.004398400581606655
-0.9614685568884043
-0.014867320974191238
-0.9518356961105052
-0.024500181752090185
-0.9422028353326063
-0.04376590330788808
-0.9325699745547074
-0.06303162486368596
-0.9229371137768084
-0.07266448564158491
-0.9133042529989095
-0.0919302071973828
-0.9036713922210106
-0.1111959287531807
-0.8940385314431116
-0.1304616503089786
-0.8747728098873137
-0.1497273718647765
-0.8651399491094147
-0.15936023264267543
-0.8555070883315158
-0.1689930934205744
-0.8458742275536169
-0.17862595419847332
-0.8362413667757179
-0.19789167575427122
-0.826608505997819
-0.20752453653217018
-0.81697564521992
-0.22679025808796807
-0.7977099236641221
-0.236423118865867
-0.7784442021083242
-0.24605597964376597
-0.7591784805525263
-0.2556888404216649
-0.7495456197746274
-0.26532170119956383
-0.7302798982188295
-0.2749545619774628
-0.7110141766630316
-0.2749545619774628
-0.7013813158851326
-0.28458742275536175
-0.6917484551072337
-0.2942202835332607
-0.6724827335514358
-0.2942202835332607
-0.653217011995638
-0.2942202835332607
-0.63395129043984
-0.3038531443111596
-0.6243184296619411
-0.3038531443111596
-0.6146855688840421
-0.3038531443111596
-0.6050527081061432
-0.3038531443111596
-0.5857869865503453
-0.3038531443111596
-0.5761541257724464
-0.2942202835332607
-0.5665212649945474
-0.2942202835332607
-0.5472555434387495
-0.2942202835332607
-0.5376226826608506
-0.2942202835332607
-0.5279898218829516
-0.28458742275536175
-0.5087241003271538
-0.28458742275536175
-0.4990912395492548
-0.2749545619774628
-0.4798255179934569
-0.26532170119956383
-0.4701926572155579
-0.26532170119956383
-0.460559796437659
-0.2556888404216649
-0.4412940748818611
-0.24605597964376597
-0.43166121410396213
-0.24605597964376597
-0.41239549254816427
-0.236423118865867
-0.39312977099236635
-0.22679025808796807
-0.39312977099236635
-0.2171573973100691
-0.3738640494365685
-0.20752453653217018
-0.36423118865866955
-0.19789167575427122
-0.35459832788077056
-0.18825881497637229
-0.3353326063249727
-0.17862595419847332
-0.32569974554707376
-0.1689930934205744
-0.32569974554707376
-0.15936023264267543
-0.31606688476917477
-0.1497273718647765
-0.30643402399127584
-0.14009451108687754
-0.2968011632133769
-0.1304616503089786
-0.287168302435478
-0.12082878953107964
-0.287168302435478
-0.1111959287531807
-0.277535441657579
-0.10156306797528175
-0.277535441657579
-0.0919302071973828
-0.26790258087968005
-0.08229734641948386
-0.2582697201017811
-0.07266448564158491
-0.2582697201017811
-0.07266448564158491
-0.24863685932388216
-0.053398764085787025
-0.24863685932388216
-0.04376590330788808
-0.24863685932388216
-0.03413304252998913
-0.23900399854598323
-0.024500181752090185
-0.23900399854598323
-0.014867320974191238
-0.23900399854598323
-0.00523446019629229
-0.23900399854598323
0.004398400581606655
-0.22937113776808427
0.02366412213740455
-0.22937113776808427
0.033296982915303495
-0.22937113776808427
0.05256270447110139
-0.22937113776808427
0.062195565249000336
-0.22937113776808427
0.08146128680479822
-0.22937113776808427
0.09109414758269717
-0.22937113776808427
0.11035986913849506
-0.22937113776808427
0.11999272991639401
-0.23900399854598323
0.1392584514721919
-0.23900399854598323
0.1585241730279898
-0.23900399854598323
0.16815703380588876
-0.23900399854598323
0.18742275536168665
-0.23900399854598323
0.19705561613958558
-0.23900399854598323
0.20668847691748454
-0.23900399854598323
0.21632133769538348
-0.24863685932388216
0.22595419847328244
-0.24863685932388216
0.23558705925118137
-0.24863685932388216
0.24521992002908033
-0.24863685932388216
0.25485278080697926
-0.24863685932388216
0.2644856415848782
-0.24863685932388216
0.2741185023627772
-0.2582697201017811
0.2644856415848782
-0.2582697201017811
0.24521992002908033
-0.24863685932388216
0.22595419847328244
-0.24863685932388216
0.20668847691748454
-0.23900399854598323
0.19705561613958558
-0.23900399854598323
0.1777898945837877
-0.22937113776808427
0.16815703380588876
-0.22937113776808427
0.14889131225009086
-0.22937113776808427
0.12962559069429297
-0.21973827699018533
0.11035986913849506
-0.21973827699018533
0.10072700836059612
-0.21973827699018533
0.08146128680479822
-0.21010541621228637
0.07182842602689928
-0.21010541621228637
0.05256270447110139
-0.20047255543438744
0.04292984369320244
-0.19083969465648848
0.02366412213740455
-0.19083969465648848
0.004398400581606655
-0.18120683387858955
-0.00523446019629229
-0.18120683387858955
-0.014867320974191238
-0.17157397310069059
-0.03413304252998913
-0.16194111232279165
-0.053398764085787025
-0.1523082515448927
-0.08229734641948386
-0.14267539076699376
-0.10156306797528175
-0.12340966921119587
-0.1111959287531807
-0.12340966921119587
-0.1304616503089786
-0.10414394765539797
-0.15936023264267543
-0.09451108687749903
-0.17862595419847332
-0.07524536532170113
-0.19789167575427122
-0.06561250454380219
-0.22679025808796807
-0.04634678298800429
-0.236423118865867
-0.04634678298800429
-0.2556888404216649
-0.0270810614322064
-0.2749545619774628
-0.007815339876408508
-0.3038531443111596
0.011450381679389386
-0.32311886586695754
0.03071610323518728
-0.3423845874227554
0.04034896401308623
-0.3616503089785533
0.05961468556888412
-0.3809160305343512
0.07888040712468201
-0.3905488913122502
0.09814612868047991
-0.40981461286804804
0.12704471101417675
-0.419447473645947
0.14631043256997464
-0.42908033442384597
0.15594329334787357
-0.4387131952017449
0.17520901490367147
-0.44834605597964383
0.19447473645946936
-0.45797891675754276
0.21374045801526725
-0.4676117775354417
0.2426390403489641
-0.4772446383133407
0.25227190112686304
-0.4868774990912396
0.27153762268266096
-0.4868774990912396
0.30043620501635776
-0.49651035986913855
0.3197019265721557
-0.49651035986913855
0.34860050890585254
-0.49651035986913855
0.3678662304616504
-0.49651035986913855
0.37749909123954933
-0.49651035986913855
0.4063976735732462
-0.49651035986913855
0.4256633951290441
-0.4868774990912396
0.4545619774627409
-0.4868774990912396
0.48346055979643776
-0.4868774990912396
0.4930934205743367
-0.4772446383133407
0.5219920029080336
-0.4676117775354417
0.5508905852417304
-0.4676117775354417
0.5701563067975283
-0.45797891675754276
0.5894220283533261
-0.4387131952017449
0.6086877499091241
-0.4387131952017449
0.618320610687023
-0.42908033442384597
0.6375863322428209
-0.40981461286804804
0.6568520537986188
-0.4001817520901491
0.6761177753544168
-0.3905488913122502
0.6857506361323157
-0.3905488913122502
0.6953834969102146
-0.37128316975645226
0.7146492184660125
-0.3520174482006544
0.7339149400218103
-0.33275172664485647
0.7435478007997093
-0.3134860050890586
0.7628135223555073
-0.3038531443111596
0.7724463831334062
-0.2942202835332607
0.7820792439113051
-0.2749545619774628
0.791712104689204
-0.2556888404216649
0.801344965467103
-0.236423118865867
0.8109778262450019
-0.2171573973100691
0.8206106870229009
-0.20752453653217018
0.8206106870229009
-0.18825881497637229
0.8302435478007999
-0.1689930934205744
0.8398764085786988
-0.1497273718647765
0.8495092693565978
-0.1304616503089786
0.8495092693565978
-0.12082878953107964
0.8591421301344967
-0.1111959287531807
0.8591421301344967
-0.0919302071973828
0.8687749909123956
-0.07266448564158491
0.8687749909123956
-0.053398764085787025
0.8784078516902946
-0.04376590330788808
0.8784078516902946
-0.03413304252998913
0.8784078516902946
-0.014867320974191238
0.8880407124681935
0.004398400581606655
0.8880407124681935
0.014031261359505602
0.8976735732460924
0.033296982915303495
0.8976735732460924
0.05256270447110139
0.8976735732460924
0.07182842602689928
0.8976735732460924
0.09109414758269717
0.8976735732460924
0.11035986913849506
0.8976735732460924
0.11999272991639401
0.8976735732460924
0.12962559069429297
0.8976735732460924
0.14889131225009086
0.8976735732460924
0.1585241730279898
0.8880407124681935
0.1777898945837877
0.8880407124681935
0.18742275536168665
0.8784078516902946
0.19705561613958558
0.8784078516902946
0.21632133769538348
0.8687749909123956
0.23558705925118137
0.8591421301344967
0.24521992002908033
0.8591421301344967
0.2644856415848782
0.8495092693565978
0.2741185023627772
0.8398764085786988
0.29338422391857505
0.8302435478007999
0.303017084696474
0.8206106870229009
0.31264994547437297
0.8109778262450019
0.33191566703017084
0.801344965467103
0.34154852780806977
0.801344965467103
0.3608142493638677
0.791712104689204
0.3704471101417666
0.7820792439113051
0.38971283169756454
0.7724463831334062
0.4089785532533624
0.7531806615776083
0.4089785532533624
0.7435478007997093
0.42824427480916033
0.7339149400218103
0.43787713558705926
0.7242820792439114
0.45714285714285713
0.7146492184660125
0.47640857869865505
0.7050163576881135
0.486041439476554
0.6953834969102146
0.4956743002544529
0.6953834969102146
0.5053071610323518
0.6761177753544168
0.5149400218102508
0.6664849145765177
0.5245728825881497
0.6568520537986188
0.5342057433660488
0.6375863322428209
0.5438386041439477
0.627953471464922
0.5534714649218466
0.6086877499091241
0.5727371864776445
0.5990548891312252
0.5823700472555434
0.5797891675754272
0.5920029080334424
0.5701563067975283
0.5920029080334424
0.5605234460196293
0.6016357688113413
0.5508905852417304
0.6112686295892403
0.5412577244638315
0.6209014903671393
0.5316248636859325
0.6305343511450382
0.5219920029080336
0.6401672119229371
0.5219920029080336
0.6401672119229371
0.5123591421301346
0.6498000727008361
0.5027262813522356
0.6498000727008361
0.4930934205743367
0.659432933478735
0.4930934205743367
0.659432933478735
0.48346055979643776
0.6690657942566339
0.48346055979643776
0.6690657942566339
0.47382769901853883
0.6690657942566339
0.4641948382406399
0
0
0
1
