-0.46888425187185456
-0.48766417086043945
-0.4614459310175524
-0.5025408125690438
-0.44656928930894796
-0.5174174542776482
-0.4391309684546458
-0.5322940959862527
-0.4316926476003436
-0.5322940959862527
-0.41681600589173917
-0.547170737694857
-0.4019393641831348
-0.5546090585491592
-0.3870627224745304
-0.5694857002577636
-0.372186080765926
-0.5769240211120658
-0.3573094390573216
-0.5843623419663679
-0.3498711182030194
-0.5843623419663679
-0.334994476494415
-0.5918006628206702
-0.32011783478581063
-0.5918006628206702
-0.3052411930772062
-0.5992389836749724
-0.297802872222904
-0.5992389836749724
-0.28292623051429966
-0.5992389836749724
-0.2754879096599974
-0.5992389836749724
-0.26804958880569524
-0.5992389836749724
-0.2531729470970909
-0.6066773045292746
-0.24573462624278866
-0.6066773045292746
-0.23085798453418427
-0.6066773045292746
-0.22341966367988206
-0.6066773045292746
-0.21598134282557988
-0.6066773045292746
-0.20110470111697548
-0.5992389836749724
-0.19366638026267327
-0.5992389836749724
-0.17878973855406888
-0.5918006628206702
-0.1713514176997667
-0.5918006628206702
-0.1564747759911623
-0.5843623419663679
-0.14159813428255788
-0.5769240211120658
-0.1341598134282557
-0.5694857002577636
-0.1192831717196513
-0.5620473794034614
-0.11184485086534911
-0.547170737694857
-0.09696820915674471
-0.5397324168405548
-0.09696820915674471
-0.5322940959862527
-0.08209156744814032
-0.5174174542776482
-0.07465324659383812
-0.5025408125690438
-0.06721492573953593
-0.48766417086043945
-0.059776604885233724
-0.47278752915183503
-0.05233828403093153
-0.45791088744323066
-0.04489996317662933
-0.4504725665889284
-0.037461642322327134
-0.43559592488032406
-0.030023321468024937
-0.41328096231741746
-0.02258500061372274
-0.39840432060881303
-0.015146679759420542
-0.38352767890020867
-0.015146679759420542
-0.3760893580459065
-0.007708358905118345
-0.36121271633730206
-0.007708358905118345
-0.3463360746286977
-2.700380508161481E-4
-0.3314594329200933
0.007168282803486049
-0.3165827912114889
0.007168282803486049
-0.3017061495028845
0.014606603657788247
-0.2942678286485823
0.014606603657788247
-0.2868295077942801
0.014606603657788247
-0.2719528660856757
0.022044924512090443
-0.25707622437707134
0.022044924512090443
-0.24963790352276913
0.022044924512090443
-0.24219958266846692
0.02948324536639264
-0.22732294095986252
0.02948324536639264
-0.21244629925125813
0.02948324536639264
-0.19756965754265374
0.02948324536639264
-0.18269301583404934
0.02948324536639264
-0.16781637412544495
0.03692156622069484
-0.16037805327114274
0.03692156622069484
-0.14550141156253835
0.03692156622069484
-0.13062476985393395
0.03692156622069484
-0.11574812814532957
0.03692156622069484
-0.10087148643672518
0.03692156622069484
-0.09343316558242298
0.03692156622069484
-0.07855652387381858
0.03692156622069484
-0.06367988216521418
0.04435988707499704
-0.048803240456609796
0.04435988707499704
-0.026488277893703203
0.04435988707499704
-0.01161163618509881
0.04435988707499704
-0.004173315330796612
0.04435988707499704
0.010703326377807782
0.04435988707499704
0.025579968086412178
0.04435988707499704
0.04045660979501657
0.051798207929299234
0.055333251503620964
0.04435988707499704
0.06277157235792316
0.051798207929299234
0.08508653492082975
0.051798207929299234
0.09996317662943414
0.051798207929299234
0.12227813919234073
0.051798207929299234
0.14459310175524734
0.051798207929299234
0.15946974346385173
0.051798207929299234
0.16690806431815391
0.051798207929299234
0.18922302688106052
0.051798207929299234
0.2115379894439671
0.051798207929299234
0.2264146311525715
0.051798207929299234
0.2487295937154781
0.051798207929299234
0.2561679145697803
0.051798207929299234
0.2784828771326869
0.051798207929299234
0.3007978396955935
0.051798207929299234
0.3231128022585001
0.051798207929299234
0.34542776482140664
0.051798207929299234
0.36774272738431324
0.051798207929299234
0.3751810482386154
0.05923652878360143
0.39005768994721984
0.05923652878360143
0.41237265251012645
0.05923652878360143
0.4272492942187308
0.05923652878360143
0.4495642567816374
0.051798207929299234
0.4570025776359396
0.051798207929299234
0.471879219344544
0.051798207929299234
0.49419418190745057
0.051798207929299234
0.5090708236160549
0.051798207929299234
0.5313857861789616
0.051798207929299234
0.546262427887566
0.051798207929299234
0.5537007487418681
0.051798207929299234
0.5760157113047748
0.051798207929299234
0.5908923530133792
0.051798207929299234
0.6057689947219835
0.051798207929299234
0.6280839572848902
0.051798207929299234
0.6355222781391924
0.051798207929299234
0.6503989198477967
0.04435988707499704
0.6652755615564011
0.04435988707499704
0.6875905241193078
0.04435988707499704
0.7024671658279121
0.04435988707499704
0.7173438075365165
0.03692156622069484
0.7322204492451209
0.03692156622069484
0.7470970909537253
0.03692156622069484
0.7694120535166319
0.02948324536639264
0.7842886952252363
0.02948324536639264
0.8066036577881429
0.02948324536639264
0.8140419786424451
0.02948324536639264
0.8289186203510495
0.022044924512090443
0.8437952620596538
0.022044924512090443
0.8586719037682583
0.014606603657788247
0.8735485454768627
0.022044924512090443
0.888425187185467
0.014606603657788247
0.8958635080397692
0.007168282803486049
0.9107401497483736
-2.700380508161481E-4
0.9256167914569781
-0.007708358905118345
0.9404934331655824
-0.015146679759420542
0.9479317540198846
-0.02258500061372274
0.9553700748741868
-0.02258500061372274
0.962808395728489
-0.030023321468024937
0.9702467165827912
-0.037461642322327134
0.9776850374370935
-0.04489996317662933
0.9851233582913956
-0.05233828403093153
0.9851233582913956
-0.059776604885233724
0.9925616791456978
-0.06721492573953593
0.9925616791456978
-0.08209156744814032
1.0
-0.08952988830244252
0.9925616791456978
-0.10440653001104691
0.9925616791456978
-0.11184485086534911
0.9925616791456978
-0.1192831717196513
0.9851233582913956
-0.1341598134282557
0.9776850374370935
-0.1490364551368601
0.9702467165827912
-0.1564747759911623
0.962808395728489
-0.16391309684546448
0.9553700748741868
-0.1713514176997667
0.9479317540198846
-0.17878973855406888
0.9404934331655824
-0.1862280594083711
0.9330551123112802
-0.19366638026267327
0.9256167914569781
-0.20110470111697548
0.9107401497483736
-0.20110470111697548
0.9033018288940714
-0.20854302197127766
0.888425187185467
-0.21598134282557988
0.8735485454768627
-0.22341966367988206
0.8586719037682583
-0.23085798453418427
0.8363569412053516
-0.23085798453418427
0.8289186203510495
-0.23829630538848645
0.8066036577881429
-0.23829630538848645
0.7917270160795384
-0.23829630538848645
0.7768503743709341
-0.23829630538848645
0.7619737326623297
-0.24573462624278866
0.7470970909537253
-0.23829630538848645
0.739658770099423
-0.24573462624278866
0.7247821283908187
-0.24573462624278866
0.7024671658279121
-0.24573462624278866
0.6801522032650055
-0.24573462624278866
0.6652755615564011
-0.24573462624278866
0.6429605989934946
-0.24573462624278866
0.6280839572848902
-0.24573462624278866
0.6057689947219835
-0.23829630538848645
0.5908923530133792
-0.23829630538848645
0.5685773904504726
-0.23829630538848645
0.5537007487418681
-0.23829630538848645
0.546262427887566
-0.23085798453418427
0.5239474653246594
-0.23085798453418427
0.5090708236160549
-0.22341966367988206
0.49419418190745057
-0.22341966367988206
0.471879219344544
-0.21598134282557988
0.4495642567816374
-0.20854302197127766
0.44212593592733523
-0.20854302197127766
0.41981097336442863
-0.20110470111697548
0.39005768994721984
-0.19366638026267327
0.36774272738431324
-0.19366638026267327
0.34542776482140664
-0.1862280594083711
0.33055112311280227
-0.1862280594083711
0.3231128022585001
-0.1862280594083711
0.3007978396955935
-0.17878973855406888
0.28592119798698906
-0.17878973855406888
0.2710445562783847
-0.1713514176997667
0.2487295937154781
-0.1564747759911623
0.24129127286117588
-0.1564747759911623
0.2264146311525715
-0.1564747759911623
0.2040996685896649
-0.1490364551368601
0.1817847060267583
-0.1490364551368601
0.15946974346385173
-0.14159813428255788
0.13715478090094513
-0.14159813428255788
0.12971646004664295
-0.1341598134282557
0.11483981833803854
-0.1267214925739535
0.09252485577513195
-0.1192831717196513
0.08508653492082975
-0.1192831717196513
0.06277157235792316
-0.11184485086534911
0.055333251503620964
-0.10440653001104691
0.04045660979501657
-0.09696820915674471
0.025579968086412178
-0.08952988830244252
0.0032650055235055857
-0.08209156744814032
-0.01161163618509881
-0.06721492573953593
-0.0339265987480054
-0.06721492573953593
-0.0413649196023076
-0.059776604885233724
-0.06367988216521418
-0.05233828403093153
-0.08599484472812079
-0.04489996317662933
-0.10087148643672518
-0.037461642322327134
-0.12318644899963177
-0.030023321468024937
-0.13806309070823616
-0.02258500061372274
-0.14550141156253835
-0.015146679759420542
-0.16037805327114274
-0.007708358905118345
-0.18269301583404934
-2.700380508161481E-4
-0.19756965754265374
0.007168282803486049
-0.21988462010556034
0.014606603657788247
-0.22732294095986252
0.022044924512090443
-0.24963790352276913
0.02948324536639264
-0.2645145452313735
0.02948324536639264
-0.2868295077942801
0.03692156622069484
-0.2942678286485823
0.04435988707499704
-0.3165827912114889
0.051798207929299234
-0.3240211120657911
0.051798207929299234
-0.33889775377439546
0.05923652878360143
-0.3463360746286977
0.06667484963790363
-0.36121271633730206
0.06667484963790363
-0.3760893580459065
0.06667484963790363
-0.38352767890020867
0.07411317049220582
-0.39840432060881303
0.08155149134650802
-0.42071928317171964
0.08898981220081022
-0.43559592488032406
0.08898981220081022
-0.4504725665889284
0.09642813305511241
-0.46534920829753285
0.10386645390941461
-0.47278752915183503
0.10386645390941461
-0.48766417086043945
0.11130477476371681
-0.5025408125690438
0.11130477476371681
-0.509979133423346
0.118743095618019
-0.5322940959862527
0.1261814164723212
-0.547170737694857
0.1261814164723212
-0.5546090585491592
0.1336197373266234
-0.5694857002577636
0.1336197373266234
-0.5769240211120658
0.1410580581809256
-0.5918006628206702
0.1410580581809256
-0.6066773045292746
0.1484963790352278
-0.6141156253835768
0.15593469988953
-0.621553946237879
0.15593469988953
-0.6364305879464833
0.15593469988953
-0.6438689088007855
0.1633730207438322
-0.6513072296550878
0.1633730207438322
-0.65874555050939
0.17081134159813438
-0.6661838713636922
0.1782496624524366
-0.6736221922179944
0.1782496624524366
-0.6884988339265987
0.18568798330673877
-0.6884988339265987
0.18568798330673877
-0.6959371547809009
0.19312630416104098
-0.7033754756352032
0.19312630416104098
-0.7108137964895054
0.19312630416104098
-0.7182521173438076
0.20056462501534317
-0.7256904381981097
0.20800294586964538
-0.7182521173438076
0.21544126672394756
-0.7033754756352032
0.23031790843255195
-0.6959371547809009
0.23775622928685416
-0.6884988339265987
0.24519455014115635
-0.6736221922179944
0.25263287099545856
-0.65874555050939
0.2675095127040629
-0.6513072296550878
0.27494783355836516
-0.6438689088007855
0.28238615441266735
-0.6364305879464833
0.28982447526696953
-0.6289922670921811
0.2972627961212717
-0.621553946237879
0.30470111697557395
-0.6141156253835768
0.31213943782987613
-0.6066773045292746
0.3195777586841783
-0.5992389836749724
0.32701607953848055
-0.5918006628206702
0.3418927212470849
-0.5843623419663679
0.3493310421013871
-0.5769240211120658
0.35676936295568934
-0.5694857002577636
0.3642076838099915
-0.5620473794034614
0.3790843255185959
-0.5546090585491592
0.3790843255185959
-0.547170737694857
0.3939609672272003
-0.5397324168405548
0.4013992880815025
-0.5322940959862527
0.4162759297901069
-0.5248557751319504
0.4237142506444091
-0.5174174542776482
0.43859089235301346
-0.5174174542776482
0.4460292132073157
-0.509979133423346
0.46090585491592007
-0.509979133423346
0.4757824966245245
-0.5025408125690438
0.49065913833312885
-0.5025408125690438
0.5055357800417333
-0.49510249171474163
0.5129741008960355
-0.49510249171474163
0.5278507426046398
-0.49510249171474163
0.5427273843132442
-0.49510249171474163
0.5576040260218487
-0.49510249171474163
0.572480667730453
-0.48766417086043945
0.5799189885847552
-0.48766417086043945
0.5873573094390574
-0.49510249171474163
0.5947956302933596
-0.48766417086043945
0
0
1
0
