-0.2647176712260133
-0.4293551781151359
-0.2578786512350318
-0.4361941981061174
-0.25103963124405027
-0.4498722380880804
-0.24420061125306877
-0.46355027807004345
-0.24420061125306877
-0.470389298061025
-0.23052257127110576
-0.484067338042988
-0.21684453128914272
-0.497745378024951
-0.21000551129816122
-0.511423418006914
-0.2031664913071797
-0.5182624379978955
-0.19632747131619818
-0.5319404779798586
-0.1894884513252167
-0.5387794979708401
-0.17581041134325365
-0.5524575379528031
-0.16897139135227215
-0.5592965579437846
-0.16213237136129063
-0.5729745979257477
-0.14845433137932762
-0.5798136179167291
-0.1416153113883461
-0.5934916578986922
-0.1347762913973646
-0.6003306778896736
-0.12109825141540156
-0.6140087178716367
-0.11425923142442006
-0.6208477378626183
-0.10058119144245703
-0.6345257778445812
-0.09374217145147552
-0.6413647978355628
-0.08690315146049402
-0.6482038178265442
-0.0800641314695125
-0.6550428378175258
-0.07322511147853099
-0.6618818578085073
-0.06638609148754948
-0.6687208777994887
-0.05270805150558645
-0.6755598977904703
-0.04586903151460494
-0.6823989177814518
-0.03903001152362343
-0.6892379377724334
-0.03219099153264192
-0.6892379377724334
-0.02535197154166041
-0.6960769577634148
-0.018512951550678898
-0.6960769577634148
-0.011673931559697386
-0.6960769577634148
-0.004834911568715875
-0.6960769577634148
-0.004834911568715875
-0.6892379377724334
0.002004108422265637
-0.6892379377724334
0.008843128413247149
-0.6823989177814518
0.01568214840422866
-0.6687208777994887
0.01568214840422866
-0.6618818578085073
0.02252116839521017
-0.6482038178265442
0.02252116839521017
-0.6413647978355628
0.02936018838619168
-0.6276867578535997
0.03619920837717319
-0.6140087178716367
0.03619920837717319
-0.6003306778896736
0.03619920837717319
-0.5866526379077107
0.043038228368154706
-0.5661355779347661
0.043038228368154706
-0.5592965579437846
0.043038228368154706
-0.5387794979708401
0.043038228368154706
-0.5182624379978955
0.043038228368154706
-0.497745378024951
0.043038228368154706
-0.4772283180520065
0.043038228368154706
-0.4498722380880804
0.043038228368154706
-0.44303321809709895
0.043038228368154706
-0.4225161581241544
0.043038228368154706
-0.4019990981512099
0.043038228368154706
-0.3814820381782653
0.043038228368154706
-0.3609649782053208
0.03619920837717319
-0.3336088982413947
0.03619920837717319
-0.3267698782504132
0.03619920837717319
-0.2994137982864872
0.03619920837717319
-0.27889673831354267
0.03619920837717319
-0.2583796783405981
0.03619920837717319
-0.23102359837667205
0.02936018838619168
-0.20366751841274602
0.02936018838619168
-0.1968284984217645
0.02936018838619168
-0.16947241845783848
0.02252116839521017
-0.14211633849391242
0.02252116839521017
-0.12159927852096789
0.02252116839521017
-0.10108221854802335
0.02252116839521017
-0.08740417856606032
0.02252116839521017
-0.06688711859311579
0.01568214840422866
-0.039531038629189746
0.01568214840422866
-0.01901397865624521
0.01568214840422866
0.008342101307680837
0.008843128413247149
0.035698181271606885
0.008843128413247149
0.04253720126258839
0.008843128413247149
0.06989328122651443
0.002004108422265637
0.09724936119044049
0.002004108422265637
0.11776642116338502
0.002004108422265637
0.14512250112731107
0.002004108422265637
0.1656395611002556
-0.004834911568715875
0.17931760108221861
-0.004834911568715875
0.20667368104614467
-0.011673931559697386
0.2271907410190892
-0.011673931559697386
0.25454682098301523
-0.018512951550678898
0.2819029009469413
-0.018512951550678898
0.2887419209379228
-0.02535197154166041
0.31609800090184886
-0.02535197154166041
0.3434540808657749
-0.02535197154166041
0.36397114083871945
-0.03219099153264192
0.3913272208026455
-0.03219099153264192
0.41184428077559
-0.03219099153264192
0.42552232075755303
-0.03219099153264192
0.4460393807304976
-0.03903001152362343
0.4733954606944236
-0.03903001152362343
0.4939125206673681
-0.04586903151460494
0.5144295806403126
-0.04586903151460494
0.5349466406132573
-0.04586903151460494
0.5486246805952203
-0.04586903151460494
0.5623027205771832
-0.04586903151460494
0.5828197805501278
-0.05270805150558645
0.6033368405230723
-0.05270805150558645
0.6170148805050354
-0.05270805150558645
0.6306929204869984
-0.05270805150558645
0.6512099804599429
-0.05954707149656797
0.664888020441906
-0.05954707149656797
0.6854050804148505
-0.05954707149656797
0.705922140387795
-0.06638609148754948
0.7264392003607395
-0.06638609148754948
0.7332782203517211
-0.06638609148754948
0.7469562603336841
-0.07322511147853099
0.7674733203066286
-0.07322511147853099
0.7811513602885917
-0.07322511147853099
0.8016684202615362
-0.0800641314695125
0.8085074402525176
-0.0800641314695125
0.8290245002254623
-0.0800641314695125
0.8427025402074252
-0.08690315146049402
0.8563805801893882
-0.08690315146049402
0.8632196001803698
-0.09374217145147552
0.8837366601533143
-0.09374217145147552
0.8905756801442958
-0.09374217145147552
0.9042537201262588
-0.10058119144245703
0.9179317601082219
-0.10058119144245703
0.9316098000901849
-0.10742021143343855
0.9384488200811664
-0.11425923142442006
0.945287840072148
-0.11425923142442006
0.9521268600631294
-0.11425923142442006
0.958965880054111
-0.12109825141540156
0.9658049000450925
-0.12793727140638309
0.9726439200360739
-0.12793727140638309
0.9794829400270555
-0.1347762913973646
0.9794829400270555
-0.1416153113883461
0.986321960018037
-0.14845433137932762
0.9931609800090185
-0.1552933513703091
0.9931609800090185
-0.1552933513703091
1.0
-0.16213237136129063
1.0
-0.16213237136129063
0.9931609800090185
-0.16897139135227215
0.986321960018037
-0.17581041134325365
0.986321960018037
-0.17581041134325365
0.9794829400270555
-0.17581041134325365
0.9726439200360739
-0.18264943133423517
0.958965880054111
-0.18264943133423517
0.9521268600631294
-0.1894884513252167
0.9316098000901849
-0.1894884513252167
0.9247707800992033
-0.1894884513252167
0.9110927401172404
-0.1894884513252167
0.8974147001352774
-0.19632747131619818
0.8768976401623328
-0.19632747131619818
0.8632196001803698
-0.19632747131619818
0.8495415601984068
-0.1894884513252167
0.8358635202164437
-0.19632747131619818
0.8221854802344807
-0.19632747131619818
0.8016684202615362
-0.19632747131619818
0.7811513602885917
-0.19632747131619818
0.7537952803246656
-0.19632747131619818
0.7264392003607395
-0.19632747131619818
0.7127611603787766
-0.19632747131619818
0.692244100405832
-0.19632747131619818
0.664888020441906
-0.1894884513252167
0.6375319404779799
-0.1894884513252167
0.6170148805050354
-0.18264943133423517
0.5964978205320908
-0.18264943133423517
0.5828197805501278
-0.17581041134325365
0.5691417405681648
-0.17581041134325365
0.5486246805952203
-0.16897139135227215
0.5349466406132573
-0.16897139135227215
0.5144295806403126
-0.16213237136129063
0.4939125206673681
-0.16213237136129063
0.48707350067638666
-0.1552933513703091
0.4665564407034421
-0.14845433137932762
0.4460393807304976
-0.14845433137932762
0.42552232075755303
-0.1416153113883461
0.41184428077559
-0.1347762913973646
0.3913272208026455
-0.1347762913973646
0.38448820081166396
-0.12793727140638309
0.36397114083871945
-0.12793727140638309
0.3434540808657749
-0.12109825141540156
0.3229370208928304
-0.11425923142442006
0.3024199609198858
-0.11425923142442006
0.2819029009469413
-0.11425923142442006
0.2682248609649783
-0.10742021143343855
0.24770780099203374
-0.10058119144245703
0.22035172102810768
-0.09374217145147552
0.19983466105516315
-0.08690315146049402
0.17931760108221861
-0.0800641314695125
0.17247858109123712
-0.07322511147853099
0.1519615211182926
-0.06638609148754948
0.13144446114534805
-0.05954707149656797
0.1109274011724035
-0.05270805150558645
0.09041034119945897
-0.04586903151460494
0.06305426123553293
-0.04586903151460494
0.05621524124455142
-0.03903001152362343
0.035698181271606885
-0.03903001152362343
0.008342101307680837
-0.03219099153264192
-0.012174958665263698
-0.018512951550678898
-0.039531038629189746
-0.011673931559697386
-0.06004809860213428
-0.011673931559697386
-0.0737261385840973
-0.004834911568715875
-0.09424319855704183
0.002004108422265637
-0.11476025852998636
0.008843128413247149
-0.1284382985119494
0.01568214840422866
-0.15579437847587543
0.01568214840422866
-0.16947241845783848
0.02252116839521017
-0.1831504584398015
0.02936018838619168
-0.20366751841274602
0.043038228368154706
-0.22418457838569056
0.04987724835913622
-0.2447016383586351
0.05671626835011773
-0.2652186983315796
0.07039430833208075
-0.28573575830452413
0.07723332832306226
-0.2994137982864872
0.08407234831404377
-0.31993085825943174
0.09091136830502529
-0.34044791823237625
0.1045894082869883
-0.3609649782053208
0.11142842827796982
-0.3746430181872838
0.11826744826895133
-0.39516007816022836
0.11826744826895133
-0.4019990981512099
0.13194548825091434
-0.4225161581241544
0.13878450824189587
-0.4361941981061174
0.1456235282328774
-0.45671125807906193
0.15246254822385888
-0.4772283180520065
0.15246254822385888
-0.484067338042988
0.1593015682148404
-0.497745378024951
0.16614058820582192
-0.5182624379978955
0.1729796081968034
-0.5319404779798586
0.17981862818778493
-0.5456185179618216
0.18665764817876646
-0.5592965579437846
0.18665764817876646
-0.5661355779347661
0.19349666816974795
-0.5798136179167291
0.20033568816072947
-0.5934916578986922
0.20033568816072947
-0.6071696978806552
0.207174708151711
-0.6276867578535997
0.21401372814269248
-0.6413647978355628
0.220852748133674
-0.6482038178265442
0.22769176812465552
-0.6618818578085073
0.22769176812465552
-0.6755598977904703
0.23453078811563702
-0.6823989177814518
0.23453078811563702
-0.6892379377724334
0.23453078811563702
-0.6960769577634148
0.24136980810661854
-0.6960769577634148
0.24136980810661854
-0.6892379377724334
0.24136980810661854
-0.6755598977904703
0.24820882809760006
-0.6687208777994887
0.24820882809760006
-0.6482038178265442
0.24820882809760006
-0.6345257778445812
0.24820882809760006
-0.6208477378626183
0.24820882809760006
-0.6071696978806552
0.24820882809760006
-0.5934916578986922
0.25504784808858155
-0.5798136179167291
0.25504784808858155
-0.5661355779347661
0.25504784808858155
-0.5524575379528031
0.25504784808858155
-0.5387794979708401
0.2618868680795631
-0.5251014579888771
0.2618868680795631
-0.511423418006914
0.2687258880705446
-0.5045843980159326
0.2687258880705446
-0.4909063580339695
0.2755649080615261
-0.4772283180520065
0.2755649080615261
-0.470389298061025
0.2824039280525076
-0.46355027807004345
0.2960819680344706
-0.45671125807906193
0.2960819680344706
-0.4498722380880804
0.30292098802545214
-0.44303321809709895
0.3165990280074152
-0.4361941981061174
0.33027706798937817
-0.4361941981061174
0.3371160879803597
-0.4293551781151359
0.35079412796232273
-0.4293551781151359
0.3644721679442857
-0.4293551781151359
0.37815020792624876
-0.4293551781151359
0.3918282479082118
-0.4361941981061174
0.4055062878901748
-0.4361941981061174
0.41918432787213783
-0.44303321809709895
0.43286236785410087
-0.45671125807906193
0.4397013878450824
-0.46355027807004345
0.44654040783606386
-0.4772283180520065
0
0
1
0
