-0.2639716569767442
-0.5115734011627907
-0.2528161337209302
-0.5171511627906977
-0.24166061046511625
-0.5171511627906977
-0.2305050872093023
-0.5283066860465117
-0.21934956395348834
-0.5283066860465117
-0.2081940406976744
-0.5338844476744187
-0.19703851744186043
-0.5394622093023256
-0.18588299418604648
-0.5394622093023256
-0.17472747093023253
-0.5450399709302326
-0.16357194767441857
-0.5450399709302326
-0.1579941860465116
-0.5450399709302326
-0.14683866279069765
-0.5450399709302326
-0.14126090116279066
-0.5450399709302326
-0.1301053779069767
-0.5450399709302326
-0.11894985465116277
-0.5394622093023256
-0.1133720930232558
-0.5394622093023256
-0.10779433139534882
-0.5394622093023256
-0.10221656976744184
-0.5338844476744187
-0.09106104651162789
-0.5338844476744187
-0.08548328488372091
-0.5283066860465117
-0.07432776162790695
-0.5171511627906977
-0.06874999999999998
-0.5115734011627907
-0.063172238372093
-0.5115734011627907
-0.05759447674418602
-0.5004178779069768
-0.05201671511627904
-0.4948401162790698
-0.040861191860465086
-0.4781068313953489
-0.03528343023255811
-0.46695130813953495
-0.029705668604651136
-0.45579578488372097
-0.02412790697674416
-0.44464026162790704
-0.018550145348837182
-0.43348473837209306
-0.012972383720930203
-0.4167514534883721
-0.007394622093023227
-0.4055959302325582
-0.0018168604651162502
-0.38886264534883724
0.0037609011627907267
-0.3777071220930233
0.0037609011627907267
-0.3721293604651163
0.009338662790697703
-0.3553960755813954
0.009338662790697703
-0.34424055232558143
0.009338662790697703
-0.3275072674418605
0.01491642441860468
-0.31635174418604656
0.01491642441860468
-0.2996184593023256
0.01491642441860468
-0.2884629360465117
0.01491642441860468
-0.27172965116279074
0.01491642441860468
-0.2549963662790698
0.01491642441860468
-0.23826308139534888
0.01491642441860468
-0.22152979651162794
0.01491642441860468
-0.21037427325581398
0.01491642441860468
-0.19364098837209306
0.01491642441860468
-0.17132994186046516
0.01491642441860468
-0.1545966569767442
0.01491642441860468
-0.1322856104651163
0.009338662790697703
-0.10997456395348841
0.009338662790697703
-0.09881904069767446
0.009338662790697703
-0.07650799418604655
0.0037609011627907267
-0.05419694767441864
0.0037609011627907267
-0.031885901162790733
-0.0018168604651162502
-0.009574854651162822
-0.007394622093023227
0.018313953488372062
-0.007394622093023227
0.029469476744186016
-0.012972383720930203
0.0573582848837209
-0.012972383720930203
0.08524709302325578
-0.018550145348837182
0.10755813953488369
-0.018550145348837182
0.1354469476744186
-0.018550145348837182
0.14660247093023254
-0.018550145348837182
0.16891351744186045
-0.02412790697674416
0.19680232558139532
-0.029705668604651136
0.22469113372093022
-0.03528343023255811
0.24700218023255813
-0.040861191860465086
0.274890988372093
-0.040861191860465086
0.28604651162790695
-0.040861191860465086
0.30835755813953486
-0.04643895348837206
0.33624636627906973
-0.04643895348837206
0.35855741279069764
-0.05201671511627904
0.38086845930232555
-0.05201671511627904
0.3920239825581395
-0.05759447674418602
0.41433502906976744
-0.05759447674418602
0.43664607558139534
-0.05759447674418602
0.4645348837209302
-0.063172238372093
0.4868459302325581
-0.06874999999999998
0.509156976744186
-0.06874999999999998
0.5203125
-0.06874999999999998
0.5426235465116279
-0.07432776162790695
0.5649345930232558
-0.07990552325581393
0.5872456395348837
-0.07990552325581393
0.6095566860465116
-0.07990552325581393
0.6207122093023256
-0.08548328488372091
0.6374454941860465
-0.08548328488372091
0.6597565406976744
-0.08548328488372091
0.6820675872093023
-0.09106104651162789
0.7043786337209302
-0.09106104651162789
0.7211119186046512
-0.09106104651162789
0.7266896802325581
-0.09663880813953486
0.749000726744186
-0.09663880813953486
0.765734011627907
-0.10221656976744184
0.7824672965116279
-0.10779433139534882
0.7992005813953489
-0.1133720930232558
0.8159338662790697
-0.1133720930232558
0.8270893895348838
-0.11894985465116277
0.8438226744186047
-0.12452761627906975
0.8605559593023255
-0.1301053779069767
0.8828670058139535
-0.1301053779069767
0.8996002906976744
-0.1356831395348837
0.9051780523255814
-0.14126090116279066
0.9219113372093023
-0.14126090116279066
0.9386446220930232
-0.14683866279069765
0.9498001453488372
-0.15241642441860462
0.9609556686046512
-0.16357194767441857
0.9721111918604651
-0.16914970930232556
0.9776889534883721
-0.16914970930232556
0.983266715116279
-0.17472747093023253
0.9888444767441861
-0.18030523255813952
0.994422238372093
-0.18588299418604648
1.0
-0.19703851744186043
1.0
-0.20261627906976742
1.0
-0.21377180232558138
1.0
-0.21934956395348834
1.0
-0.22492732558139533
0.994422238372093
-0.2305050872093023
0.9888444767441861
-0.23608284883720929
0.9776889534883721
-0.24166061046511625
0.9721111918604651
-0.24723837209302324
0.9609556686046512
-0.2528161337209302
0.9498001453488372
-0.2528161337209302
0.9442223837209303
-0.2528161337209302
0.9274890988372093
-0.25839389534883717
0.9163335755813954
-0.25839389534883717
0.8940225290697674
-0.25839389534883717
0.8772892441860465
-0.25839389534883717
0.8605559593023255
-0.2639716569767442
0.8549781976744186
-0.25839389534883717
0.8326671511627907
-0.25839389534883717
0.8159338662790697
-0.25839389534883717
0.7936228197674419
-0.25839389534883717
0.7713117732558139
-0.25839389534883717
0.7545784883720931
-0.25839389534883717
0.743422965116279
-0.2528161337209302
0.7211119186046512
-0.2528161337209302
0.7043786337209302
-0.2528161337209302
0.6820675872093023
-0.2528161337209302
0.6653343023255814
-0.24723837209302324
0.6541787790697674
-0.24723837209302324
0.6374454941860465
-0.24166061046511625
0.6151344476744186
-0.24166061046511625
0.5984011627906977
-0.23608284883720929
0.5760901162790698
-0.23608284883720929
0.5593568313953489
-0.2305050872093023
0.5482013081395348
-0.22492732558139533
0.531468023255814
-0.21934956395348834
0.514734738372093
-0.21934956395348834
0.4924236918604651
-0.21377180232558138
0.4756904069767442
-0.2081940406976744
0.45895712209302325
-0.2081940406976744
0.44780159883720927
-0.20261627906976742
0.4310683139534884
-0.19703851744186043
0.41433502906976744
-0.19146075581395347
0.40317950581395345
-0.18588299418604648
0.38086845930232555
-0.18030523255813952
0.3697129360465116
-0.17472747093023253
0.35855741279069764
-0.16914970930232556
0.34182412790697675
-0.16357194767441857
0.3250908430232558
-0.1579941860465116
0.30835755813953486
-0.15241642441860462
0.2916242732558139
-0.15241642441860462
0.28046875
-0.14683866279069765
0.269313226744186
-0.14126090116279066
0.2581577034883721
-0.1356831395348837
0.24142441860465114
-0.1301053779069767
0.23026889534883718
-0.1301053779069767
0.21353561046511627
-0.12452761627906975
0.20795784883720927
-0.12452761627906975
0.19122456395348836
-0.11894985465116277
0.1800690406976744
-0.1133720930232558
0.16333575581395346
-0.10779433139534882
0.1521802325581395
-0.10221656976744184
0.14102470930232555
-0.10221656976744184
0.1354469476744186
-0.09663880813953486
0.12429142441860462
-0.09106104651162789
0.10755813953488369
-0.08548328488372091
0.09640261627906974
-0.08548328488372091
0.0796693313953488
-0.07990552325581393
0.06851380813953485
-0.07990552325581393
0.06293604651162787
-0.07432776162790695
0.05178052325581392
-0.06874999999999998
0.04062499999999997
-0.063172238372093
0.02389171511627904
-0.05759447674418602
0.012736191860465085
-0.05759447674418602
0.0071584302325581085
-0.05201671511627904
-0.003997093023255845
-0.04643895348837206
-0.0151526162790698
-0.040861191860465086
-0.026308139534883753
-0.03528343023255811
-0.03746366279069771
-0.029705668604651136
-0.048619186046511664
-0.02412790697674416
-0.05419694767441864
-0.018550145348837182
-0.07093023255813957
-0.012972383720930203
-0.08208575581395353
-0.007394622093023227
-0.09881904069767446
-0.0018168604651162502
-0.10997456395348841
0.009338662790697703
-0.12670784883720934
0.009338662790697703
-0.1322856104651163
0.01491642441860468
-0.14901889534883725
0.020494186046511657
-0.1601744186046512
0.026071947674418634
-0.17132994186046516
0.03722747093023259
-0.18806322674418607
0.04280523255813957
-0.19921875000000003
0.04280523255813957
-0.20479651162790702
0.048382994186046545
-0.22152979651162794
0.05396075581395352
-0.2326853197674419
0.06511627906976747
-0.24941860465116283
0.07069404069767445
-0.26057412790697676
0.07069404069767445
-0.2661518895348838
0.07627180232558142
-0.28288517441860467
0.0818495639534884
-0.29404069767441865
0.08742732558139538
-0.3051962209302326
0.09300508720930235
-0.31635174418604656
0.09858284883720933
-0.3275072674418605
0.09858284883720933
-0.3330850290697675
0.10416061046511631
-0.34424055232558143
0.10973837209302328
-0.3553960755813954
0.11531613372093026
-0.36655159883720934
0.11531613372093026
-0.3777071220930233
0.12089389534883724
-0.3832848837209303
0.12647165697674423
-0.38886264534883724
0.12647165697674423
-0.4000181686046512
0.1320494186046512
-0.41117369186046515
0.13762718023255818
-0.42232921511627913
0.14320494186046515
-0.4279069767441861
0.14320494186046515
-0.43348473837209306
0.14878270348837214
-0.44464026162790704
0.1543604651162791
-0.450218023255814
0.1599382267441861
-0.46137354651162793
0.16551598837209305
-0.46695130813953495
0.16551598837209305
-0.4781068313953489
0.17109375000000004
-0.48368459302325584
0.17109375000000004
-0.48926235465116286
0.176671511627907
-0.5004178779069768
0.182249273255814
-0.5059956395348838
0.18782703488372096
-0.5115734011627907
0.19340479651162795
-0.5171511627906977
0.19340479651162795
-0.5227289244186047
0.19898255813953492
-0.5338844476744187
0.2045603197674419
-0.5394622093023256
0.21013808139534887
-0.5450399709302326
0.21571584302325586
-0.5561954941860465
0.22129360465116282
-0.5617732558139535
0.2268713662790698
-0.5729287790697675
0.23244912790697678
-0.5840843023255814
0.23244912790697678
-0.5952398255813954
0.23802688953488377
-0.6063953488372094
0.24360465116279073
-0.6175508720930233
0.24918241279069772
-0.6175508720930233
0.24918241279069772
-0.6287063953488372
0.2547601744186047
-0.6342841569767442
0.2547601744186047
-0.6398619186046512
0.2547601744186047
-0.6454396802325582
0.2547601744186047
-0.6398619186046512
0.2547601744186047
-0.6231286337209303
0.2547601744186047
-0.6175508720930233
0.2547601744186047
-0.6063953488372094
0.2547601744186047
-0.5952398255813954
0.2547601744186047
-0.5840843023255814
0.24918241279069772
-0.5785065406976745
0.24918241279069772
-0.5673510174418606
0.24918241279069772
-0.5617732558139535
0.24918241279069772
-0.5561954941860465
0.24918241279069772
-0.5506177325581396
0.24918241279069772
-0.5394622093023256
0.24918241279069772
-0.5338844476744187
0.24360465116279073
-0.5338844476744187
0.24360465116279073
-0.5227289244186047
0.24360465116279073
-0.5171511627906977
0.24360465116279073
-0.5115734011627907
0.24360465116279073
-0.5004178779069768
0.24360465116279073
-0.4948401162790698
0.24360465116279073
-0.48926235465116286
0.24360465116279073
-0.48368459302325584
0.24360465116279073
-0.4725290697674419
0.24360465116279073
-0.46695130813953495
0.24360465116279073
-0.46137354651162793
0.24360465116279073
-0.45579578488372097
0.24918241279069772
-0.450218023255814
0.24918241279069772
-0.4390625
0.24918241279069772
-0.43348473837209306
0.24918241279069772
-0.4279069767441861
0.24918241279069772
-0.4167514534883721
0.2547601744186047
-0.41117369186046515
0.2547601744186047
-0.4055959302325582
0.2603379360465117
-0.4000181686046512
0.2603379360465117
-0.3944404069767442
0.26591569767441864
-0.38886264534883724
0.26591569767441864
-0.3832848837209303
0.26591569767441864
-0.3777071220930233
0.2714934593023256
-0.3777071220930233
0.2714934593023256
-0.3721293604651163
0.2770712209302326
-0.3721293604651163
0.2770712209302326
-0.36655159883720934
0.2826489825581396
-0.3609738372093024
0.28822674418604655
-0.3609738372093024
0.28822674418604655
-0.3553960755813954
0.2938045058139535
-0.3553960755813954
0.29938226744186053
-0.3553960755813954
0.3049600290697675
-0.3553960755813954
0.31053779069767445
-0.3553960755813954
0.3161155523255814
-0.3553960755813954
0.32169331395348844
-0.3553960755813954
0.3272710755813954
-0.3553960755813954
0.33284883720930236
-0.3553960755813954
0.3384265988372093
-0.3553960755813954
0.34400436046511634
-0.3553960755813954
0
0
1
0
