-0.5674339394605283
-0.4686040762511673
-0.5601274515189802
-0.48321705213426347
-0.545514475635884
-0.4978300280173597
-0.5382079876943359
-0.5124430039004558
-0.5309014997527878
-0.5197494918420039
-0.5162885238696916
-0.5270559797835521
-0.5016755479865954
-0.5416689556666483
-0.4943690600450473
-0.5489754436081964
-0.48706257210349924
-0.5562819315497445
-0.47244959622040306
-0.5635884194912926
-0.4578366203373069
-0.5708949074328407
-0.45053013239575873
-0.5855078833159368
-0.43591715651266255
-0.5928143712574849
-0.42861066857111446
-0.5928143712574849
-0.4139976926880183
-0.600120859199033
-0.3993847168049221
-0.6074273471405811
-0.38477174092182587
-0.6074273471405811
-0.3701587650387297
-0.6147338350821292
-0.3482393012140854
-0.6220403230236773
-0.3409328132725373
-0.6220403230236773
-0.32631983738944115
-0.6220403230236773
-0.3117068615063449
-0.6293468109652254
-0.29709388562324873
-0.6293468109652254
-0.28248090974015255
-0.6293468109652254
-0.2678679338570564
-0.6220403230236773
-0.2605614459155083
-0.6220403230236773
-0.24594847003241208
-0.6220403230236773
-0.23133549414931587
-0.6147338350821292
-0.22402900620776778
-0.6147338350821292
-0.2094160303246716
-0.6074273471405811
-0.1948030544415754
-0.600120859199033
-0.1874965665000273
-0.600120859199033
-0.1728835906169311
-0.5928143712574849
-0.1582706147338349
-0.5855078833159368
-0.14365763885073873
-0.5782013953743887
-0.12904466296764253
-0.5635884194912926
-0.11443168708454633
-0.5562819315497445
-0.10712519914299824
-0.5489754436081964
-0.09251222325990205
-0.5343624677251002
-0.08520573531835396
-0.5197494918420039
-0.07059275943525777
-0.5051365159589077
-0.06328627149370966
-0.4905235400758116
-0.048673295610613475
-0.4759105641927154
-0.048673295610613475
-0.4686040762511673
-0.03406031972751728
-0.4539911003680711
-0.026753831785969184
-0.43207163654342684
-0.019447343844421087
-0.4174586606603306
-0.012140855902872992
-0.4028456847772344
-0.004834367961324896
-0.38823270889413825
-0.004834367961324896
-0.37361973301104207
0.002472119980223199
-0.3590067571279459
0.009778607921771295
-0.34439378124484965
0.01708509586331939
-0.3224743174202054
0.024391583804867487
-0.3078613415371092
0.024391583804867487
-0.293248365654013
0.03169807174641558
-0.2786353897709168
0.03169807174641558
-0.2567159259462725
0.03900455968796368
-0.23479646212162822
0.03900455968796368
-0.22018348623853204
0.04631104762951178
-0.19826402241388774
0.04631104762951178
-0.19095753447233965
0.04631104762951178
-0.17634455858924347
0.053617535571059874
-0.15442509476459917
0.053617535571059874
-0.13250563093995488
0.053617535571059874
-0.1178926550568587
0.06092402351260797
-0.0959731912322144
0.06092402351260797
-0.08866670329066631
0.06092402351260797
-0.06674723946602201
0.06092402351260797
-0.04482777564137773
0.06092402351260797
-0.022908311816733442
0.06092402351260797
-9.888479920891551E-4
0.06092402351260797
0.020930615832555132
0.06092402351260797
0.02823710377410323
0.06092402351260797
0.050156567598747516
0.06092402351260797
0.0647695434818437
0.06092402351260797
0.086689007306488
0.06092402351260797
0.10860847113113228
0.06092402351260797
0.12322144701422848
0.06092402351260797
0.14514091083887276
0.06092402351260797
0.16706037466351706
0.06092402351260797
0.18897983848816133
0.06092402351260797
0.21089930231280563
0.06092402351260797
0.23281876613744992
0.06823051145415607
0.2474317420205461
0.06092402351260797
0.2693512058451904
0.06092402351260797
0.29127066966983467
0.06823051145415607
0.313190133494479
0.06092402351260797
0.33510959731912326
0.06092402351260797
0.3643355490853156
0.06092402351260797
0.37164203702686377
0.06092402351260797
0.40086798879305613
0.06092402351260797
0.4227874526177004
0.06092402351260797
0.4447069164423447
0.06092402351260797
0.466626380266989
0.06092402351260797
0.4739328682085371
0.06092402351260797
0.49585233203318135
0.06092402351260797
0.5104653079162775
0.06092402351260797
0.5323847717409218
0.06092402351260797
0.5469977476240181
0.06092402351260797
0.5762236993902105
0.06092402351260797
0.5835301873317585
0.06092402351260797
0.6054496511564028
0.06092402351260797
0.6273691149810471
0.053617535571059874
0.6492885788056914
0.053617535571059874
0.6712080426303357
0.053617535571059874
0.69312750645498
0.053617535571059874
0.7004339943965281
0.04631104762951178
0.7223534582211724
0.03900455968796368
0.7442729220458166
0.03900455968796368
0.7661923858704609
0.03169807174641558
0.7881118496951052
0.024391583804867487
0.7954183376366533
0.01708509586331939
0.8100313135197496
0.01708509586331939
0.8319507773443938
0.009778607921771295
0.84656375322749
0.002472119980223199
0.8684832170521343
0.002472119980223199
0.8830961929352305
0.002472119980223199
0.8904026808767785
-0.004834367961324896
0.9123221447014228
-0.012140855902872992
0.926935120584519
-0.019447343844421087
0.9415480964676153
-0.026753831785969184
0.9561610723507115
-0.03406031972751728
0.9634675602922596
-0.03406031972751728
0.9707740482338076
-0.04136680766906538
0.9780805361753557
-0.048673295610613475
0.9853870241169038
-0.05597978355216157
0.9926935120584519
-0.06328627149370966
0.9926935120584519
-0.07059275943525777
0.9926935120584519
-0.07789924737680586
1.0
-0.08520573531835396
1.0
-0.09981871120145014
1.0
-0.10712519914299824
1.0
-0.12173817502609444
0.9926935120584519
-0.13635115090919062
0.9853870241169038
-0.14365763885073873
0.9780805361753557
-0.15096412679228682
0.9634675602922596
-0.1582706147338349
0.9561610723507115
-0.165577102675383
0.9415480964676153
-0.1728835906169311
0.9342416085260672
-0.1801900785584792
0.9196286326429709
-0.1801900785584792
0.8977091688183266
-0.1801900785584792
0.8830961929352305
-0.1874965665000273
0.8684832170521343
-0.1874965665000273
0.84656375322749
-0.1874965665000273
0.8392572652859419
-0.1948030544415754
0.8173378014612976
-0.1948030544415754
0.7954183376366533
-0.1948030544415754
0.773498873812009
-0.1948030544415754
0.7442729220458166
-0.20210954238312348
0.7369664341042685
-0.20210954238312348
0.7077404823380762
-0.1948030544415754
0.6858210185134319
-0.1948030544415754
0.6639015546887875
-0.1948030544415754
0.6419820908641433
-0.1948030544415754
0.620062627039499
-0.1874965665000273
0.6054496511564028
-0.1874965665000273
0.5835301873317585
-0.1874965665000273
0.5616107235071143
-0.1801900785584792
0.5323847717409218
-0.1801900785584792
0.5104653079162775
-0.1728835906169311
0.4812393561500852
-0.1728835906169311
0.4739328682085371
-0.165577102675383
0.4447069164423447
-0.165577102675383
0.4227874526177004
-0.1582706147338349
0.4081744767346042
-0.1582706147338349
0.38625501290995995
-0.15096412679228682
0.3643355490853156
-0.15096412679228682
0.35702906114376753
-0.14365763885073873
0.34241608526067135
-0.13635115090919062
0.3204966214360271
-0.12904466296764253
0.29857715761138276
-0.12173817502609444
0.2766576937867385
-0.12173817502609444
0.2693512058451904
-0.11443168708454633
0.2474317420205461
-0.10712519914299824
0.22551227819590183
-0.09981871120145014
0.21089930231280563
-0.09251222325990205
0.18897983848816133
-0.08520573531835396
0.16706037466351706
-0.08520573531835396
0.15975388672196897
-0.07789924737680586
0.14514091083887276
-0.07059275943525777
0.12322144701422848
-0.06328627149370966
0.1013019831895842
-0.05597978355216157
0.0793825193649399
-0.048673295610613475
0.05746305554029561
-0.04136680766906538
0.04285007965719942
-0.03406031972751728
0.020930615832555132
-0.026753831785969184
-9.888479920891551E-4
-0.019447343844421087
-0.022908311816733442
-0.019447343844421087
-0.052134263582925826
-0.012140855902872992
-0.06674723946602201
-0.004834367961324896
-0.0813602153491182
0.002472119980223199
-0.0959731912322144
0.009778607921771295
-0.1178926550568587
0.009778607921771295
-0.13250563093995488
0.01708509586331939
-0.15442509476459917
0.024391583804867487
-0.16903807064769535
0.024391583804867487
-0.18365104653079156
0.03169807174641558
-0.20557051035543583
0.03900455968796368
-0.22748997418008013
0.04631104762951178
-0.24940943800472443
0.053617535571059874
-0.2713289018293687
0.06092402351260797
-0.2786353897709168
0.06092402351260797
-0.3005548535955611
0.06823051145415607
-0.3151678294786573
0.08284348733725226
-0.32978080536175347
0.09014997527880035
-0.34439378124484965
0.09745646322034844
-0.3590067571279459
0.09745646322034844
-0.366313245069494
0.11206943910344463
-0.38823270889413825
0.11937592704499274
-0.4028456847772344
0.12668241498654084
-0.42476514860187875
0.13398890292808893
-0.43937812448497493
0.13398890292808893
-0.446684612426523
0.14129539086963702
-0.4612975883096192
0.1486018788111851
-0.4759105641927154
0.1486018788111851
-0.4905235400758116
0.15590836675273323
-0.4978300280173597
0.16321485469428132
-0.5124430039004558
0.16321485469428132
-0.5197494918420039
0.1705213426358294
-0.5270559797835521
0.1778278305773775
-0.5416689556666483
0.1778278305773775
-0.5489754436081964
0.1851343185189256
-0.5635884194912926
0.1924408064604737
-0.5782013953743887
0.1997472944020218
-0.5928143712574849
0.2070537823435699
-0.6074273471405811
0.2070537823435699
-0.6147338350821292
0.21436027028511798
-0.6220403230236773
0.21436027028511798
-0.6293468109652254
0.21436027028511798
-0.6366532989067735
0.22166675822666607
-0.6366532989067735
0.24358622205131036
-0.6293468109652254
0.25089270999285845
-0.6147338350821292
0.26550568587595463
-0.6074273471405811
0.2728121738175028
-0.600120859199033
0.28011866175905087
-0.5855078833159368
0.28742514970059896
-0.5855078833159368
0.29473163764214705
-0.5782013953743887
0.30934461352524323
-0.5635884194912926
0.3166511014667913
-0.5562819315497445
0.3312640773498875
-0.5489754436081964
0.3312640773498875
-0.5416689556666483
0.33857056529143564
-0.5343624677251002
0.3531835411745318
-0.5270559797835521
0.3604900291160799
-0.5197494918420039
0.3751030049991761
-0.5124430039004558
0.3897159808822723
-0.4978300280173597
0.39702246882382036
-0.4978300280173597
0.4116354447069166
-0.4905235400758116
0.4189419326484647
-0.48321705213426347
0.44086139647310896
-0.4759105641927154
0.44816788441465705
-0.4686040762511673
0.4700873482393013
-0.4612975883096192
0.47739383618084946
-0.4539911003680711
0.49200681206394564
-0.4539911003680711
0.51392627588859
-0.446684612426523
0.5285392517716861
-0.446684612426523
0.5504587155963304
-0.43937812448497493
0.5577652035378785
-0.43937812448497493
0.5796846673625228
-0.43937812448497493
0.594297643245619
-0.446684612426523
0.6162171070702632
-0.446684612426523
0.6235235950118113
-0.446684612426523
0.6381365708949076
-0.4539911003680711
0.6454430588364557
-0.4612975883096192
0
0
1
0
