-0.39282359571670117
-0.4089798985534473
-0.39282359571670117
-0.4153843526377811
-0.39282359571670117
-0.421788806722115
-0.39922804980103505
-0.421788806722115
-0.39282359571670117
-0.4281932608064488
-0.39282359571670117
-0.4345977148907827
-0.39282359571670117
-0.4410021689751165
-0.39282359571670117
-0.4474066230594504
-0.39282359571670117
-0.45381107714378427
-0.38641914163236735
-0.45381107714378427
-0.38641914163236735
-0.4602155312281181
-0.38001468754803347
-0.46661998531245197
-0.38001468754803347
-0.4730244393967858
-0.37361023346369965
-0.4858333475654535
-0.36720577937936577
-0.49223780164978737
-0.36080132529503195
-0.4986422557341212
-0.3543968712106981
-0.505046709818455
-0.34799241712636425
-0.5178556179871228
-0.3415879630420304
-0.5242600720714566
-0.3351835089576965
-0.5306645261557904
-0.3223746007890288
-0.5370689802401243
-0.315970146704695
-0.5434734343244582
-0.3095656926203611
-0.549877888408792
-0.3031612385360273
-0.5562823424931259
-0.2967567844516934
-0.5562823424931259
-0.2903523303673596
-0.5626867965774597
-0.2839478762830257
-0.5626867965774597
-0.2775434221986919
-0.5690912506617936
-0.271138968114358
-0.5754957047461274
-0.2647345140300242
-0.5754957047461274
-0.2583300599456903
-0.5819001588304613
-0.2519256058613565
-0.5819001588304613
-0.2455211517770226
-0.5819001588304613
-0.23911669769268876
-0.5883046129147951
-0.2327122436083549
-0.5883046129147951
-0.22630778952402106
-0.5883046129147951
-0.2199033354396872
-0.5883046129147951
-0.21349888135535336
-0.594709066999129
-0.2070944272710195
-0.594709066999129
-0.20068997318668563
-0.594709066999129
-0.19428551910235178
-0.5883046129147951
-0.18788106501801793
-0.5883046129147951
-0.17507215684935024
-0.5883046129147951
-0.16226324868068254
-0.5819001588304613
-0.1558587945963487
-0.5754957047461274
-0.143049886427681
-0.5690912506617936
-0.13664543234334714
-0.5690912506617936
-0.1302409782590133
-0.5690912506617936
-0.12383652417467943
-0.5626867965774597
-0.11743207009034558
-0.5562823424931259
-0.10462316192167788
-0.549877888408792
-0.09821870783734403
-0.5434734343244582
-0.09181425375301018
-0.5306645261557904
-0.08540979966867632
-0.5306645261557904
-0.07900534558434247
-0.5178556179871228
-0.06619643741567477
-0.505046709818455
-0.05979198333134092
-0.49223780164978737
-0.053387529247007064
-0.47942889348111967
-0.046983075162673214
-0.4730244393967858
-0.040578621078339365
-0.46661998531245197
-0.040578621078339365
-0.45381107714378427
-0.03417416699400551
-0.4474066230594504
-0.03417416699400551
-0.4345977148907827
-0.02776971290967166
-0.4281932608064488
-0.02136525882533781
-0.4153843526377811
-0.02136525882533781
-0.4089798985534473
-0.014960804741003959
-0.4025754444691134
-0.014960804741003959
-0.3897665363004457
-0.008556350656670106
-0.376957628131778
-0.008556350656670106
-0.3705531740474442
-0.0021518965723362556
-0.35774426587877645
-0.0021518965723362556
-0.3513398117944426
0.004252557511997596
-0.3385309036257749
0.004252557511997596
-0.3257219954571072
0.010657011596331447
-0.31291308728843953
0.010657011596331447
-0.30650863320410565
0.0170614656806653
-0.29369972503543795
0.0170614656806653
-0.28729527095110413
0.0170614656806653
-0.27448636278243643
0.02346591976499915
-0.2616774546137687
0.02346591976499915
-0.248868546445101
0.02346591976499915
-0.2360596382764333
0.02346591976499915
-0.22965518419209946
0.029870373849333002
-0.21044182193909788
0.029870373849333002
-0.19763291377043019
0.029870373849333002
-0.1848240056017625
0.036274827933666855
-0.17841955151742864
0.036274827933666855
-0.1592061892644271
0.036274827933666855
-0.15280173518009324
0.036274827933666855
-0.1335883729270917
0.042679282018000704
-0.12077946475842398
0.042679282018000704
-0.10156610250542242
0.042679282018000704
-0.08875719433675472
0.042679282018000704
-0.07594828616808702
0.042679282018000704
-0.06313937799941931
0.042679282018000704
-0.04392601574641776
0.04908373610233455
-0.031117107577750058
0.04908373610233455
-0.011903745324748504
0.04908373610233455
9.051628439191983E-4
0.0554881901866684
0.00730961692825305
0.0554881901866684
0.026522979181254604
0.0554881901866684
0.04573634143425616
0.0554881901866684
0.05854524960292386
0.0554881901866684
0.07775861185592542
0.0554881901866684
0.09697197410892697
0.0554881901866684
0.10337642819326082
0.0554881901866684
0.12258979044626238
0.0554881901866684
0.13539869861493006
0.0554881901866684
0.15461206086793164
0.06189264427100226
0.1738254231209332
0.0554881901866684
0.18663433128960089
0.0554881901866684
0.20584769354260243
0.0554881901866684
0.22506105579560398
0.06189264427100226
0.24427441804860556
0.06189264427100226
0.2634877803016071
0.06189264427100226
0.28270114255460865
0.06189264427100226
0.28910559663894253
0.06189264427100226
0.30831895889194405
0.06189264427100226
0.3275323211449456
0.06189264427100226
0.3403412293136133
0.06189264427100226
0.35955459156661485
0.0554881901866684
0.3659590456509487
0.06189264427100226
0.3851724079039503
0.06189264427100226
0.4043857701569518
0.06189264427100226
0.4235991324099534
0.06189264427100226
0.4428124946629549
0.06189264427100226
0.4556214028316226
0.06829709835533611
0.46843031100029037
0.06829709835533611
0.48123921916895807
0.06829709835533611
0.5004525814219596
0.06829709835533611
0.5196659436749611
0.06829709835533611
0.5324748518436289
0.06189264427100226
0.5452837600122965
0.06829709835533611
0.5644971222652981
0.06829709835533611
0.5837104845182997
0.07470155243966996
0.6029238467713012
0.07470155243966996
0.6221372090243028
0.07470155243966996
0.6285416631086366
0.07470155243966996
0.6349461171929704
0.08110600652400381
0.6541594794459721
0.08110600652400381
0.6733728416989736
0.08110600652400381
0.6797772957833075
0.08110600652400381
0.698990658036309
0.08110600652400381
0.7053951121206429
0.08110600652400381
0.7246084743736444
0.08751046060833766
0.7438218366266459
0.08751046060833766
0.7630351988796475
0.08751046060833766
0.7822485611326491
0.08751046060833766
0.7950574693013167
0.09391491469267152
0.8078663774699845
0.09391491469267152
0.8206752856386522
0.09391491469267152
0.8398886478916537
0.09391491469267152
0.8526975560603214
0.09391491469267152
0.871910918313323
0.10031936877700537
0.8783153723976568
0.10031936877700537
0.8911242805663245
0.10031936877700537
0.9039331887349922
0.10031936877700537
0.9167420969036599
0.10031936877700537
0.9295510050723277
0.09391491469267152
0.9423599132409953
0.09391491469267152
0.9487643673253292
0.09391491469267152
0.9551688214096631
0.08751046060833766
0.9679777295783307
0.08751046060833766
0.9743821836626646
0.08110600652400381
0.9807866377469985
0.07470155243966996
0.9807866377469985
0.06829709835533611
0.9871910918313322
0.0554881901866684
0.9871910918313322
0.04908373610233455
0.9935955459156661
0.042679282018000704
0.9935955459156661
0.036274827933666855
1.0
0.029870373849333002
1.0
0.02346591976499915
1.0
0.0170614656806653
1.0
0.010657011596331447
1.0
0.004252557511997596
1.0
-0.0021518965723362556
0.9935955459156661
-0.008556350656670106
0.9935955459156661
-0.014960804741003959
0.9935955459156661
-0.02136525882533781
0.9935955459156661
-0.02776971290967166
0.9871910918313322
-0.03417416699400551
0.9871910918313322
-0.040578621078339365
0.9871910918313322
-0.046983075162673214
0.9807866377469985
-0.053387529247007064
0.9743821836626646
-0.05979198333134092
0.9743821836626646
-0.06619643741567477
0.9679777295783307
-0.07260089150000862
0.9615732754939968
-0.07260089150000862
0.9551688214096631
-0.07900534558434247
0.9487643673253292
-0.08540979966867632
0.9423599132409953
-0.09181425375301018
0.9295510050723277
-0.09821870783734403
0.9167420969036599
-0.10462316192167788
0.9039331887349922
-0.11102761600601173
0.9039331887349922
-0.11743207009034558
0.8911242805663245
-0.11743207009034558
0.8783153723976568
-0.12383652417467943
0.8655064642289891
-0.1302409782590133
0.8462931019759876
-0.1302409782590133
0.8398886478916537
-0.13664543234334714
0.827079739722986
-0.13664543234334714
0.8078663774699845
-0.143049886427681
0.7950574693013167
-0.14945434051201484
0.7822485611326491
-0.14945434051201484
0.7630351988796475
-0.1558587945963487
0.7566307447953137
-0.1558587945963487
0.7438218366266459
-0.1558587945963487
0.7310129284579783
-0.16226324868068254
0.7182040202893105
-0.16226324868068254
0.698990658036309
-0.16226324868068254
0.6925862039519751
-0.16226324868068254
0.6797772957833075
-0.16226324868068254
0.6669683876146397
-0.16226324868068254
0.6541594794459721
-0.16226324868068254
0.6413505712773043
-0.16226324868068254
0.6221372090243028
-0.1558587945963487
0.6157327549399689
-0.16226324868068254
0.6029238467713012
-0.16226324868068254
0.5837104845182997
-0.16226324868068254
0.570901576349632
-0.16226324868068254
0.5516882140966304
-0.1558587945963487
0.5324748518436289
-0.1558587945963487
0.526070397759295
-0.1558587945963487
0.5132614895906273
-0.14945434051201484
0.49404812733762576
-0.14945434051201484
0.4876436732532919
-0.14945434051201484
0.46843031100029037
-0.14945434051201484
0.4620258569159565
-0.143049886427681
0.4492169487472888
-0.143049886427681
0.4364080405786211
-0.143049886427681
0.4235991324099534
-0.13664543234334714
0.4107902242412857
-0.13664543234334714
0.3915768619882841
-0.1302409782590133
0.3851724079039503
-0.1302409782590133
0.3659590456509487
-0.12383652417467943
0.34674568339794715
-0.12383652417467943
0.33393677522927945
-0.11743207009034558
0.32112786706061175
-0.12383652417467943
0.3147234129762779
-0.11743207009034558
0.30191450480761023
-0.11102761600601173
0.28910559663894253
-0.11102761600601173
0.27629668847027483
-0.11102761600601173
0.2634877803016071
-0.10462316192167788
0.2506788721329394
-0.10462316192167788
0.24427441804860556
-0.09821870783734403
0.23146550987993786
-0.09181425375301018
0.21225214762693628
-0.09181425375301018
0.19944323945826858
-0.08540979966867632
0.18663433128960089
-0.08540979966867632
0.16742096903659934
-0.07900534558434247
0.1610165149522655
-0.07900534558434247
0.1482076067835978
-0.07260089150000862
0.1289942445305962
-0.07260089150000862
0.11618533636192852
-0.06619643741567477
0.09697197410892697
-0.06619643741567477
0.09056752002459312
-0.05979198333134092
0.07135415777159156
-0.05979198333134092
0.05214079551859001
-0.053387529247007064
0.03933188734992231
-0.046983075162673214
0.02011852509692075
-0.046983075162673214
0.00730961692825305
-0.040578621078339365
9.051628439191983E-4
-0.040578621078339365
-0.011903745324748504
-0.03417416699400551
-0.02471265349341621
-0.03417416699400551
-0.03752156166208391
-0.02776971290967166
-0.056734923915085465
-0.02776971290967166
-0.06313937799941931
-0.02136525882533781
-0.07594828616808702
-0.02136525882533781
-0.08875719433675472
-0.014960804741003959
-0.10797055658975627
-0.008556350656670106
-0.12077946475842398
-0.0021518965723362556
-0.13999282701142554
-0.0021518965723362556
-0.1463972810957594
0.004252557511997596
-0.1592061892644271
0.004252557511997596
-0.1720150974330948
0.010657011596331447
-0.19122845968609634
0.0170614656806653
-0.20403736785476403
0.0170614656806653
-0.21044182193909788
0.02346591976499915
-0.2232507301077656
0.02346591976499915
-0.2360596382764333
0.029870373849333002
-0.248868546445101
0.036274827933666855
-0.2616774546137687
0.042679282018000704
-0.27448636278243643
0.042679282018000704
-0.28089081686677025
0.04908373610233455
-0.29369972503543795
0.04908373610233455
-0.30650863320410565
0.0554881901866684
-0.31931754137277335
0.06189264427100226
-0.3257219954571072
0.06189264427100226
-0.34493535771010875
0.06829709835533611
-0.35774426587877645
0.07470155243966996
-0.3705531740474442
0.07470155243966996
-0.3833620822161119
0.08110600652400381
-0.3897665363004457
0.08751046060833766
-0.3961709903847796
0.08751046060833766
-0.4089798985534473
0.09391491469267152
-0.421788806722115
0.10031936877700537
-0.4410021689751165
0.10031936877700537
-0.45381107714378427
0.10672382286133922
-0.46661998531245197
0.11312827694567307
-0.47942889348111967
0.11312827694567307
-0.49223780164978737
0.11953273103000692
-0.505046709818455
0.11953273103000692
-0.5178556179871228
0.11953273103000692
-0.5242600720714566
0.12593718511434077
-0.5370689802401243
0.12593718511434077
-0.549877888408792
0.13234163919867462
-0.5626867965774597
0.13234163919867462
-0.5754957047461274
0.13234163919867462
-0.5819001588304613
0.13874609328300846
-0.5883046129147951
0.13874609328300846
-0.594709066999129
0.14515054736734231
-0.6075179751677967
0.14515054736734231
-0.6139224292521305
0.15155500145167616
-0.6267313374207982
0.15155500145167616
-0.639540245589466
0.15795945553601004
-0.6459446996737997
0.15795945553601004
-0.6587536078424675
0.15795945553601004
-0.6715625160111351
0.1643639096203439
-0.6843714241798029
0.1643639096203439
-0.6907758782641368
0.1643639096203439
-0.6971803323484705
0.17076836370467774
-0.7099892405171383
0.17076836370467774
-0.7163936946014722
0.17076836370467774
-0.7292026027701398
0.17076836370467774
-0.7356070568544737
0.1771728177890116
-0.7420115109388076
0.1771728177890116
-0.7484159650231414
0.1771728177890116
-0.7548204191074752
0.1771728177890116
-0.7612248731918091
0.18357727187334544
-0.7548204191074752
0.18357727187334544
-0.7484159650231414
0.1899817259576793
-0.7356070568544737
0.1899817259576793
-0.722798148685806
0.19638618004201314
-0.7099892405171383
0.19638618004201314
-0.7035847864328044
0.20279063412634699
-0.6907758782641368
0.20279063412634699
-0.677966970095469
0.20919508821068084
-0.6651580619268014
0.20919508821068084
-0.6523491537581336
0.21559954229501468
-0.639540245589466
0.21559954229501468
-0.6331357915051321
0.22200399637934853
-0.6203268833364644
0.22200399637934853
-0.6139224292521305
0.22840845046368238
-0.6011135210834628
0.22840845046368238
-0.594709066999129
0.23481290454801623
-0.5883046129147951
0.23481290454801623
-0.5754957047461274
0.24121735863235008
-0.5690912506617936
0.24121735863235008
-0.5562823424931259
0.24762181271668393
-0.549877888408792
0.2540262668010178
-0.5370689802401243
0.26043072088535163
-0.5306645261557904
0.26043072088535163
-0.5178556179871228
0.2668351749696855
-0.5114511639027889
0.27323962905401933
-0.4986422557341212
0.2796440831383532
-0.4858333475654535
0.286048537222687
-0.47942889348111967
0.286048537222687
-0.4730244393967858
0.2988574453913548
-0.46661998531245197
0.3052618994756886
-0.4602155312281181
0.3116663535600225
-0.4474066230594504
0.3244752617286902
-0.4410021689751165
0.330879715813024
-0.4345977148907827
0.3436886239816917
-0.4281932608064488
0.3500930780660256
-0.421788806722115
0.3629019862346933
-0.421788806722115
0.3693064403190271
-0.421788806722115
0.375710894403361
-0.4153843526377811
0.38851980257202867
-0.4153843526377811
0.39492425665636255
-0.4153843526377811
0.40773316482503025
-0.4153843526377811
0.42054207299369795
-0.4153843526377811
0.42694652707803177
-0.421788806722115
0.43335098116236564
-0.421788806722115
0.44615988933103334
-0.4281932608064488
0
0
1
0
