-0.43799821577599346
-0.5554404443293333
-0.42447264669486884
-0.5554404443293333
-0.41770986215430655
-0.5554404443293333
-0.4041842930731819
-0.5554404443293333
-0.39065872399205726
-0.5554404443293333
-0.37713315491093263
-0.5554404443293333
-0.3703703703703703
-0.5486776597887709
-0.35684480128924567
-0.5486776597887709
-0.34331923220812105
-0.5419148752482086
-0.3297936631269964
-0.5419148752482086
-0.31626809404587175
-0.5283893061670839
-0.30274252496474713
-0.5283893061670839
-0.28245417134306017
-0.5216265216265217
-0.27569138680249783
-0.5148637370859593
-0.2621658177213732
-0.5013381680048347
-0.24864024864024856
-0.4945753834642724
-0.23511467955912393
-0.4810498143831477
-0.22158911047799928
-0.4675242453020231
-0.21482632593743697
-0.4607614607614608
-0.20130075685631235
-0.4472358916803361
-0.1877751877751877
-0.4337103225992115
-0.17424961869406308
-0.4201847535180869
-0.16072404961293843
-0.40665918443696225
-0.15396126507237612
-0.3931336153558376
-0.14719848053181378
-0.3863708308152753
-0.14043569599125147
-0.3728452617341506
-0.12691012691012685
-0.35255690811246365
-0.12014734236956452
-0.33903133903133903
-0.1133845578290022
-0.3255057699502144
-0.1133845578290022
-0.31874298540965207
-0.09985898874787756
-0.2984546317879651
-0.09309620420731525
-0.2849290627068405
-0.08633341966675293
-0.2646407090851535
-0.07957063512619061
-0.2443523554634666
-0.07280785058562829
-0.22406400184177963
-0.07280785058562829
-0.21730121730121732
-0.06604506604506598
-0.19701286367953036
-0.05928228150450365
-0.1767245100578434
-0.052519496963941335
-0.15643615643615644
-0.052519496963941335
-0.14291058735503182
-0.04575671242337902
-0.12262223373334485
-0.04575671242337902
-0.10909666465222022
-0.0389939278828167
-0.08880831103053326
-0.0389939278828167
-0.06851995740884631
-0.03223114334225438
-0.04823160378715935
-0.02546835880169206
-0.021180465624910078
-0.018705574261129742
-0.007654896543785439
-0.018705574261129742
0.012633457077901516
-0.018705574261129742
0.03968459524015079
-0.011942789720567424
0.06673573340240006
-0.005180005180005107
0.09378687156464934
-0.005180005180005107
0.1140752251863363
-0.005180005180005107
0.12760079426746093
0.001582779360557212
0.1478891478891479
0.001582779360557212
0.17494028605139716
0.00834556390111953
0.19522863967308413
0.00834556390111953
0.2222797778353334
0.015108348441681848
0.23580534691645802
0.015108348441681848
0.2628564850787073
0.021871132982244166
0.2899076232409566
0.028633917522806484
0.31695876140320584
0.028633917522806484
0.3372471150248928
0.035396702063368805
0.3642982531871421
0.035396702063368805
0.3710610377277044
0.035396702063368805
0.3981121758899537
0.04215948660393112
0.4251633140522029
0.04215948660393112
0.4522144522144522
0.04215948660393112
0.4725028058361392
0.04892227114449344
0.4860283749172638
0.04892227114449344
0.513079513079513
0.04892227114449344
0.5401306512417624
0.04892227114449344
0.5604190048634493
0.04892227114449344
0.5807073584851362
0.04892227114449344
0.5942329275662609
0.05568505568505576
0.6212840657285101
0.05568505568505576
0.6415724193501972
0.05568505568505576
0.6686235575124464
0.05568505568505576
0.6956746956746956
0.05568505568505576
0.722725833836945
0.05568505568505576
0.7362514029180696
0.05568505568505576
0.7565397565397566
0.06244784022561808
0.7835908947020058
0.06244784022561808
0.8038792483236927
0.06244784022561808
0.8241676019453797
0.06244784022561808
0.8309303864859421
0.06244784022561808
0.851218740107629
0.06244784022561808
0.8715070937293159
0.06244784022561808
0.8917954473510029
0.05568505568505576
0.9120838009726898
0.05568505568505576
0.9323721545943768
0.05568505568505576
0.9391349391349392
0.04892227114449344
0.9526605082160637
0.04215948660393112
0.9661860772971884
0.035396702063368805
0.9729488618377508
0.021871132982244166
0.9864744309188753
0.021871132982244166
0.9932372154594377
0.015108348441681848
1.0
0.00834556390111953
1.0
0.001582779360557212
1.0
-0.011942789720567424
1.0
-0.018705574261129742
1.0
-0.02546835880169206
1.0
-0.03223114334225438
0.9932372154594377
-0.0389939278828167
0.9864744309188753
-0.04575671242337902
0.9797116463783131
-0.052519496963941335
0.9661860772971884
-0.05928228150450365
0.9526605082160637
-0.06604506604506598
0.9458977236755014
-0.07280785058562829
0.9323721545943768
-0.07957063512619061
0.9120838009726898
-0.08633341966675293
0.8917954473510029
-0.09309620420731525
0.8715070937293159
-0.09985898874787756
0.8579815246481913
-0.09985898874787756
0.8376931710265043
-0.10662177328843989
0.8106420328642551
-0.1133845578290022
0.7903536792425682
-0.1133845578290022
0.7700653256208811
-0.12014734236956452
0.7497769719991942
-0.12014734236956452
0.7430141874586319
-0.12014734236956452
0.7159630492963827
-0.12014734236956452
0.6956746956746956
-0.12014734236956452
0.6686235575124464
-0.12014734236956452
0.6415724193501972
-0.12691012691012685
0.6145212811879478
-0.12691012691012685
0.6009957121068232
-0.12691012691012685
0.573944573944574
-0.12691012691012685
0.5468934357823246
-0.12691012691012685
0.5198422976200754
-0.12691012691012685
0.49279115945782614
-0.12691012691012685
0.4725028058361392
-0.12691012691012685
0.4589772367550145
-0.12014734236956452
0.43192609859276526
-0.12014734236956452
0.4116377449710783
-0.12014734236956452
0.39134939134939134
-0.12014734236956452
0.3642982531871421
-0.12014734236956452
0.3507726841060174
-0.12014734236956452
0.3237215459437682
-0.1133845578290022
0.3034331923220812
-0.1133845578290022
0.2763820541598319
-0.10662177328843989
0.25609370053814495
-0.10662177328843989
0.2290425623758957
-0.09985898874787756
0.21551699329477106
-0.09309620420731525
0.19522863967308413
-0.09309620420731525
0.17494028605139716
-0.08633341966675293
0.1478891478891479
-0.08633341966675293
0.12083800972689861
-0.07957063512619061
0.09378687156464934
-0.07957063512619061
0.0802613024835247
-0.07280785058562829
0.05321016432127543
-0.06604506604506598
0.03292181069958847
-0.06604506604506598
0.005870672537339198
-0.05928228150450365
-0.014417681084347758
-0.05928228150450365
-0.027943250165472396
-0.05928228150450365
-0.04823160378715935
-0.052519496963941335
-0.06851995740884631
-0.04575671242337902
-0.09557109557109558
-0.04575671242337902
-0.12262223373334485
-0.0389939278828167
-0.14291058735503182
-0.0389939278828167
-0.15643615643615644
-0.03223114334225438
-0.1834872945984057
-0.03223114334225438
-0.20377564822009267
-0.02546835880169206
-0.23082678638234194
-0.018705574261129742
-0.2511151400040289
-0.018705574261129742
-0.27140349362571586
-0.011942789720567424
-0.2849290627068405
-0.005180005180005107
-0.30521741632852745
0.001582779360557212
-0.31874298540965207
0.00834556390111953
-0.33903133903133903
0.015108348441681848
-0.359319692653026
0.021871132982244166
-0.3728452617341506
0.028633917522806484
-0.3931336153558376
0.028633917522806484
-0.41342196897752453
0.04215948660393112
-0.4337103225992115
0.04892227114449344
-0.45399867622089846
0.05568505568505576
-0.4742870298425854
0.05568505568505576
-0.4810498143831477
0.06244784022561808
-0.5013381680048347
0.0692106247661804
-0.5148637370859593
0.07597340930674272
-0.5283893061670839
0.08273619384730503
-0.5486776597887709
0.08949897838786736
-0.5554404443293333
0.09626176292842967
-0.5689660134104578
0.10302454746899199
-0.5892543670321448
0.1097873320095543
-0.6027799361132694
0.11655011655011663
-0.6163055051943941
0.12331290109067894
-0.6365938588160811
0.12331290109067894
-0.6433566433566433
0.13007568563124125
-0.656882212437768
0.13007568563124125
-0.6771705660594549
0.13007568563124125
-0.6906961351405796
0.1368384701718036
-0.7042217042217043
0.1368384701718036
-0.7245100578433912
0.1368384701718036
-0.7312728423839535
0.1436012547123659
-0.7380356269245159
0.1436012547123659
-0.7515611960056404
0.1436012547123659
-0.7583239805462028
0.1436012547123659
-0.7718495496273274
0.1503640392529282
-0.7718495496273274
0.1503640392529282
-0.785375118708452
0.1503640392529282
-0.7921379032490143
0.15712682379349052
-0.7921379032490143
0.15712682379349052
-0.7786123341678898
0.16388960833405286
-0.7650867650867651
0.16388960833405286
-0.7515611960056404
0.17065239287461517
-0.7380356269245159
0.17065239287461517
-0.7312728423839535
0.17065239287461517
-0.7109844887622665
0.17741517741517748
-0.6974589196811419
0.18417796195573982
-0.6839333506000173
0.18417796195573982
-0.6636449969783303
0.19094074649630213
-0.6433566433566433
0.19094074649630213
-0.6365938588160811
0.19770353103686444
-0.6163055051943941
0.20446631557742675
-0.6027799361132694
0.2179918846585514
-0.5892543670321448
0.22475466919911372
-0.5757287979510202
0.23151745373967603
-0.5622032288698956
0.23828023828023837
-0.5486776597887709
0.24504302282080068
-0.5351520907076462
0.2585685919019253
-0.5216265216265217
0.2653313764424876
-0.508100952545397
0.2788569455236123
-0.4945753834642724
0.2923825146047369
-0.4810498143831477
0.30590808368586153
-0.4742870298425854
0.31943365276698615
-0.4607614607614608
0.33295922184811083
-0.45399867622089846
0.3397220063886731
-0.4472358916803361
0.3600103600103601
-0.4472358916803361
0.3735359290914847
-0.44047310713977383
0.39382428271317166
-0.44047310713977383
0.40734985179429634
-0.4337103225992115
0.4276382054159833
-0.44047310713977383
0.4344009899565456
-0.44047310713977383
0.4479265590376702
-0.4472358916803361
0.46821491265935716
-0.4607614607614608
0
0
1
0
