-0.4584751005258275
-0.44757191463037416
-0.4584751005258275
-0.46149087534797395
-0.3958397772966286
-0.5867615218063718
-0.3888802969378287
-0.5937210021651715
-0.3819208165790289
-0.6006804825239714
-0.374961336220229
-0.6076399628827713
-0.36104237550262924
-0.6145994432415712
-0.35408289514382935
-0.6215589236003711
-0.3401639344262296
-0.6215589236003711
-0.3332044540674297
-0.6285184039591709
-0.32624497370862987
-0.6285184039591709
-0.3123260129910301
-0.6285184039591709
-0.30536653263223024
-0.6354778843179708
-0.2914475719146305
-0.6354778843179708
-0.2844880915558306
-0.6354778843179708
-0.27056913083823086
-0.6354778843179708
-0.25665017012063107
-0.6354778843179708
-0.24969068976183123
-0.6354778843179708
-0.23577172904423147
-0.6354778843179708
-0.2288122486854316
-0.6285184039591709
-0.2218527683266317
-0.6285184039591709
-0.21489328796783183
-0.6285184039591709
-0.20793380760903196
-0.6215589236003711
-0.1940148468914322
-0.6145994432415712
-0.18705536653263233
-0.6076399628827713
-0.18009588617383246
-0.6006804825239714
-0.1661769254562327
-0.5937210021651715
-0.15921744509743282
-0.5867615218063718
-0.15225796473863296
-0.572842561088772
-0.1383390040210332
-0.5589236003711722
-0.13137952366223332
-0.5450046396535725
-0.11746056294463357
-0.5241261985771728
-0.10354160222703382
-0.5171667182183729
-0.09658212186823395
-0.4962882771419733
-0.09658212186823395
-0.4893287967831734
-0.0826631611506342
-0.4754098360655737
-0.07570368079183432
-0.46149087534797395
-0.06874420043303445
-0.44757191463037416
-0.054825239715434695
-0.4336529539127744
-0.054825239715434695
-0.4197339931951747
-0.04786575935663481
-0.4127745128363748
-0.04090627899783494
-0.39885555211877505
-0.03394679863903506
-0.3849365914011753
-0.02698731828023519
-0.37101763068357557
-0.020027837921435313
-0.3570986699659758
-0.013068357562635437
-0.34317970924837604
-0.006108877203835561
-0.33622022888957614
8.506031549643149E-4
-0.31534178781317657
8.506031549643149E-4
-0.3014228270955768
0.007810083513764191
-0.28750386637797704
0.014769563872564067
-0.2735849056603773
0.014769563872564067
-0.2666254253015774
0.02172904423136394
-0.2457469842251778
0.02172904423136394
-0.23182802350757803
0.028688524590163817
-0.2179090627899783
0.028688524590163817
-0.19703062171357866
0.035648004948963696
-0.1831116609959789
0.035648004948963696
-0.16919270027837915
0.035648004948963696
-0.14831425920197952
0.04260748530776357
-0.12743581812557989
0.04260748530776357
-0.10655737704918027
0.04260748530776357
-0.08567893597278063
0.04260748530776357
-0.06480049489638101
0.056526446025363324
-0.05088153417878126
0.056526446025363324
-0.023043612743581753
0.04956696566656345
-0.0021651716671821264
0.04956696566656345
0.0187132694092175
0.04956696566656345
0.03959171048561713
0.04956696566656345
0.06047015156201676
0.056526446025363324
0.0743891122796165
0.04956696566656345
0.102227033714816
0.04956696566656345
0.12310547479121564
0.04956696566656345
0.14398391586761528
0.04956696566656345
0.17182183730281478
0.04956696566656345
0.19270027837921438
0.04956696566656345
0.20661923909681415
0.04956696566656345
0.22749768017321378
0.04956696566656345
0.2553356016084133
0.04956696566656345
0.28317352304361276
0.04956696566656345
0.3040519641200124
0.04956696566656345
0.3318898855552119
0.04956696566656345
0.34580884627281167
0.04956696566656345
0.3666872873492113
0.04956696566656345
0.3945252087844108
0.04260748530776357
0.4223631302196103
0.04260748530776357
0.44324157129600994
0.04260748530776357
0.4571605320136097
0.04260748530776357
0.4849984534488092
0.04260748530776357
0.5058768945252088
0.035648004948963696
0.5337148159604083
0.035648004948963696
0.554593257036808
0.035648004948963696
0.5824311784720074
0.035648004948963696
0.5893906588308073
0.035648004948963696
0.6172285802660068
0.035648004948963696
0.6381070213424065
0.035648004948963696
0.6589854624188061
0.035648004948963696
0.6798639034952058
0.028688524590163817
0.7007423445716053
0.028688524590163817
0.7146613052892051
0.028688524590163817
0.7355397463656047
0.028688524590163817
0.7564181874420044
0.02172904423136394
0.777296628518404
0.02172904423136394
0.7981750695948036
0.028688524590163817
0.8120940303124033
0.02172904423136394
0.8329724713888029
0.014769563872564067
0.8538509124652026
0.007810083513764191
0.8747293535416022
0.007810083513764191
0.8956077946180019
8.506031549643149E-4
0.9164862356944015
8.506031549643149E-4
0.9234457160532014
8.506031549643149E-4
0.9373646767708012
-0.006108877203835561
0.9512836374884008
-0.006108877203835561
0.9652025982060006
-0.013068357562635437
0.9791215589236004
-0.020027837921435313
0.9860810392824002
-0.02698731828023519
0.9930405196412001
-0.03394679863903506
1.0
-0.04090627899783494
1.0
-0.04786575935663481
1.0
-0.054825239715434695
1.0
-0.06178472007423457
1.0
-0.06874420043303445
0.9930405196412001
-0.06874420043303445
0.9791215589236004
-0.07570368079183432
0.9721620785648005
-0.07570368079183432
0.9652025982060006
-0.0826631611506342
0.9582431178472007
-0.0826631611506342
0.9443241571296009
-0.08962264150943407
0.9304051964120013
-0.08962264150943407
0.9164862356944015
-0.08962264150943407
0.9095267553356016
-0.08962264150943407
0.888648314259202
-0.08962264150943407
0.8747293535416022
-0.08962264150943407
0.8608103928240025
-0.08962264150943407
0.8468914321064027
-0.08962264150943407
0.8329724713888029
-0.08962264150943407
0.8260129910300031
-0.08962264150943407
0.8120940303124033
-0.08962264150943407
0.7981750695948036
-0.08962264150943407
0.777296628518404
-0.08962264150943407
0.7633776678008042
-0.0826631611506342
0.7424992267244046
-0.0826631611506342
0.7285802660068048
-0.0826631611506342
0.7007423445716053
-0.0826631611506342
0.6798639034952058
-0.0826631611506342
0.6589854624188061
-0.0826631611506342
0.6381070213424065
-0.0826631611506342
0.6172285802660068
-0.0826631611506342
0.6102690999072069
-0.0826631611506342
0.5963501391896072
-0.07570368079183432
0.5754716981132075
-0.07570368079183432
0.5615527373956078
-0.07570368079183432
0.5406742963192082
-0.07570368079183432
0.5337148159604083
-0.07570368079183432
0.5128363748840087
-0.06874420043303445
0.49195793380760905
-0.06874420043303445
0.4710794927312094
-0.06874420043303445
0.4502010516548098
-0.06178472007423457
0.4293226105784102
-0.06178472007423457
0.4223631302196103
-0.06178472007423457
0.40148468914321067
-0.06178472007423457
0.38756572842561093
-0.054825239715434695
0.3666872873492113
-0.054825239715434695
0.35276832663161156
-0.04786575935663481
0.3318898855552119
-0.04786575935663481
0.3179709248376122
-0.04090627899783494
0.29709248376121256
-0.04090627899783494
0.2762140426848129
-0.04090627899783494
0.24837612124961342
-0.04090627899783494
0.22749768017321378
-0.03394679863903506
0.21357871945561402
-0.03394679863903506
0.19270027837921438
-0.03394679863903506
0.17182183730281478
-0.03394679863903506
0.157902876585215
-0.03394679863903506
0.13702443550881538
-0.02698731828023519
0.11614599443241576
-0.02698731828023519
0.10918651407361589
-0.02698731828023519
0.08830807299721626
-0.02698731828023519
0.06047015156201676
-0.020027837921435313
0.03959171048561713
-0.020027837921435313
0.0187132694092175
-0.013068357562635437
-0.0021651716671821264
-0.013068357562635437
-0.016084132384781877
-0.013068357562635437
-0.03696257346118151
-0.006108877203835561
-0.057841014537581135
-0.006108877203835561
-0.07871945561398076
-0.006108877203835561
-0.09263841633158051
8.506031549643149E-4
-0.11351685740798013
8.506031549643149E-4
-0.12047633776678002
8.506031549643149E-4
-0.14135477884317965
0.007810083513764191
-0.1552737395607794
0.007810083513764191
-0.16919270027837915
0.014769563872564067
-0.1900711413547788
0.014769563872564067
-0.19703062171357866
0.014769563872564067
-0.2179090627899783
0.02172904423136394
-0.23182802350757803
0.02172904423136394
-0.25270646458397766
0.028688524590163817
-0.2666254253015774
0.028688524590163817
-0.28054438601917714
0.035648004948963696
-0.28750386637797704
0.035648004948963696
-0.30838230745437667
0.035648004948963696
-0.3223012681719764
0.04260748530776357
-0.33622022888957614
0.04260748530776357
-0.3570986699659758
0.04260748530776357
-0.3779771110423754
0.04956696566656345
-0.3849365914011753
0.04956696566656345
-0.39885555211877505
0.04956696566656345
-0.4127745128363748
0.056526446025363324
-0.4336529539127744
0.0634859263841632
-0.44757191463037416
0.056526446025363324
-0.45453139498917405
0.0634859263841632
-0.4684503557067738
0.0634859263841632
-0.4823693164243736
0.07044540674296307
-0.5032477575007732
0.07740488710176295
-0.5171667182183729
0.07740488710176295
-0.5380451592947726
0.08436436746056282
-0.5450046396535725
0.08436436746056282
-0.5589236003711722
0.08436436746056282
-0.5658830807299721
0.08436436746056282
-0.572842561088772
0.0913238478193627
-0.5867615218063718
0.0913238478193627
-0.5937210021651715
0.0913238478193627
-0.6006804825239714
0.0913238478193627
-0.6076399628827713
0.0913238478193627
-0.6145994432415712
0.0913238478193627
-0.6215589236003711
0.09828332817816257
-0.6285184039591709
0.09828332817816257
-0.6354778843179708
0.10524280853696245
-0.6285184039591709
0.11220228889576232
-0.6145994432415712
0.1191617692545622
-0.6076399628827713
0.1191617692545622
-0.6006804825239714
0.1191617692545622
-0.5867615218063718
0.12612124961336207
-0.5798020414475719
0.13308072997216194
-0.572842561088772
0.13308072997216194
-0.5589236003711722
0.14004021033096184
-0.5450046396535725
0.14004021033096184
-0.5380451592947726
0.1469996906897617
-0.5310856789359727
0.1469996906897617
-0.5171667182183729
0.15395917104856158
-0.5102072378595731
0.16091865140736147
-0.4962882771419733
0.16787813176616134
-0.4893287967831734
0.16787813176616134
-0.4754098360655737
0.1748376121249612
-0.4684503557067738
0.18179709248376108
-0.46149087534797395
0.18875657284256098
-0.44757191463037416
0.19571605320136085
-0.4336529539127744
0.19571605320136085
-0.4266934735539746
0.20267553356016071
-0.4197339931951747
0.20963501391896058
-0.4127745128363748
0.21659449427776048
-0.40581503247757494
0.21659449427776048
-0.39885555211877505
0.22355397463656035
-0.3849365914011753
0.23051345499536022
-0.3849365914011753
0.2374729353541601
-0.37101763068357557
0.24443241571295998
-0.37101763068357557
0.2513918960717598
-0.3570986699659758
0.2583513764305597
-0.35013918960717594
0.27227033714815946
-0.34317970924837604
0.27922981750695935
-0.33622022888957614
0.28618929786575925
-0.3292607485307763
0.300108258583359
-0.3292607485307763
0.30706773894215883
-0.3223012681719764
0.3209866996597586
-0.3223012681719764
0.33490566037735836
-0.3223012681719764
0.3488246210949581
-0.3223012681719764
0.355784101453758
-0.3223012681719764
0.36970306217135773
-0.3292607485307763
0.38362202288895747
-0.33622022888957614
0.39754098360655726
-0.35013918960717594
0
0
1
0
