-0.3218351246889393
1.0
-0.3218351246889393
0.9859691851538095
-0.3218351246889393
0.971938370307619
-0.3218351246889393
0.9579075554614285
-0.3218351246889393
0.943876740615238
-0.3288505321120346
0.9228305183459522
-0.3288505321120346
0.9017842960766665
-0.3288505321120346
0.8947688886535713
-0.3288505321120346
0.8737226663842855
-0.3288505321120346
0.859691851538095
-0.33586593953512983
0.8386456292688093
-0.33586593953512983
0.8175994069995235
-0.3428813469582251
0.8105839995764282
-0.33586593953512983
0.7895377773071425
-0.33586593953512983
0.7684915550378567
-0.33586593953512983
0.747445332768571
-0.33586593953512983
0.7263991104992852
-0.33586593953512983
0.7053528882299995
-0.3428813469582251
0.691322073383809
-0.3428813469582251
0.6702758511145233
-0.3428813469582251
0.6422142214221422
-0.3428813469582251
0.6211679991528565
-0.33586593953512983
0.5931063694604755
-0.33586593953512983
0.579075554614285
-0.33586593953512983
0.5580293323449992
-0.33586593953512983
0.5299677026526182
-0.3288505321120346
0.5019060729602373
-0.3288505321120346
0.48085985069095144
-0.3288505321120346
0.4527982209985705
-0.3218351246889393
0.43876740615237997
-0.3218351246889393
0.41070577645999895
-0.3218351246889393
0.3896595541907132
-0.31481971726584407
0.3615979244983322
-0.31481971726584407
0.3335362948059512
-0.31481971726584407
0.3054746651135702
-0.3078043098427488
0.2914438502673797
-0.3078043098427488
0.2633822205749987
-0.30078890241965356
0.24233599830571295
-0.30078890241965356
0.21427436861333193
-0.29377349499655836
0.1932281463440462
-0.29377349499655836
0.1791973314978557
-0.29377349499655836
0.15815110922856992
-0.2867580875734631
0.1371048869592842
-0.27974268015036785
0.10904325726690318
-0.27974268015036785
0.08799703499761743
-0.27974268015036785
0.05993540530523643
-0.2727272727272726
0.04590459045904593
-0.26571186530417734
0.017842960766664924
-0.26571186530417734
-0.0032032615026208263
-0.2586964578810821
-0.03126489119500183
-0.25168105045798683
-0.05932652088738283
-0.24466564303489158
-0.06634192831047808
-0.23765023561179632
-0.09440355800285909
-0.23063482818870107
-0.12246518769524009
-0.22361942076560584
-0.14351140996452583
-0.22361942076560584
-0.1645576322338116
-0.2166040133425106
-0.19261926192619258
-0.20958860591941533
-0.19963466934928784
-0.20958860591941533
-0.2206808916185736
-0.20257319849632008
-0.24172711388785934
-0.19555779107322482
-0.2627733361571451
-0.19555779107322482
-0.28381955842643086
-0.18854238365012957
-0.2908349658495261
-0.18152697622703431
-0.3118811881188118
-0.18152697622703431
-0.32591200296500233
-0.1745115688039391
-0.3469582252342881
-0.16749616138084383
-0.36800444750357386
-0.16048075395774858
-0.3890506697728596
-0.15346534653465332
-0.3960660771959549
-0.14644993911155807
-0.42412770688833584
-0.14644993911155807
-0.4451739291576216
-0.13241912426536756
-0.4592047440038121
-0.12540371684227233
-0.4802509662730979
-0.12540371684227233
-0.48726637369619313
-0.11838830941917707
-0.5012971885423836
-0.11137290199608182
-0.5153280033885741
-0.10435749457298657
-0.5293588182347646
-0.09032667972679607
-0.5433896330809551
-0.07629586488060557
-0.5574204479271456
-0.06928045745751031
-0.5644358553502409
-0.055249642611319816
-0.5784666701964314
-0.041218827765129314
-0.5924974850426219
-0.027188012918938815
-0.6065282998888124
-0.013157198072748313
-0.6205591147350029
-0.006141790649653062
-0.6275745221580982
0.007889024196537439
-0.6416053370042887
0.02191983904272794
-0.6486207444273838
0.03595065388891844
-0.6626515592735743
0.04998146873510894
-0.6696669666966696
0.06401228358129944
-0.6766823741197648
0.0710276910043947
-0.6766823741197648
0.07804309842748994
-0.6836977815428601
0.09207391327368045
-0.6836977815428601
0.0990893206967757
-0.6836977815428601
0.1131201355429662
-0.6836977815428601
0.1131201355429662
-0.6766823741197648
0.1271509503891567
-0.6766823741197648
0.1411817652353472
-0.6696669666966696
0.14819717265844246
-0.6556361518504791
0.1552125800815377
-0.6486207444273838
0.1692433949277282
-0.6416053370042887
0.1692433949277282
-0.6345899295811934
0.1832742097739187
-0.6205591147350029
0.19028961719701395
-0.6065282998888124
0.19028961719701395
-0.5924974850426219
0.1973050246201092
-0.5784666701964314
0.20432043204320446
-0.5714512627733361
0.20432043204320446
-0.5574204479271456
0.20432043204320446
-0.5363742256578599
0.1973050246201092
-0.5223434108116694
0.1973050246201092
-0.5083125959654788
0.1973050246201092
-0.48726637369619313
0.19028961719701395
-0.4802509662730979
0.19028961719701395
-0.46622015142690737
0.1832742097739187
-0.4451739291576216
0.17625880235082345
-0.42412770688833584
0.1692433949277282
-0.41009689204214533
0.16222798750463296
-0.4030814846190501
0.1552125800815377
-0.3890506697728596
0.14819717265844246
-0.36800444750357386
0.13416635781225195
-0.35397363265738335
0.1271509503891567
-0.33994281781119284
0.12013554296606145
-0.32591200296500233
0.12013554296606145
-0.3188965955419071
0.1131201355429662
-0.3118811881188118
0.0990893206967757
-0.29785037327262137
0.09207391327368045
-0.2908349658495261
0.08505850585058519
-0.2768041510033356
0.0710276910043947
-0.26978874358024035
0.06401228358129944
-0.2627733361571451
0.056996876158204195
-0.25575792873404984
0.04998146873510894
-0.2487425213109546
0.03595065388891844
-0.24172711388785934
0.02893524646582319
-0.23471170646476408
0.02191983904272794
-0.23471170646476408
0.007889024196537439
-0.22769629904166885
8.736167734421885E-4
-0.22769629904166885
-0.013157198072748313
-0.22769629904166885
-0.020172605495843564
-0.2206808916185736
-0.027188012918938815
-0.2206808916185736
-0.034203420342034066
-0.2206808916185736
-0.041218827765129314
-0.2206808916185736
-0.04823423518822457
-0.2206808916185736
-0.041218827765129314
-0.23471170646476408
-0.034203420342034066
-0.24172711388785934
-0.020172605495843564
-0.25575792873404984
-0.013157198072748313
-0.2627733361571451
8.736167734421885E-4
-0.2627733361571451
0.007889024196537439
-0.26978874358024035
0.02191983904272794
-0.2768041510033356
0.03595065388891844
-0.2768041510033356
0.04998146873510894
-0.28381955842643086
0.06401228358129944
-0.28381955842643086
0.0710276910043947
-0.28381955842643086
0.08505850585058519
-0.2908349658495261
0.0990893206967757
-0.2908349658495261
0.1131201355429662
-0.2908349658495261
0.1271509503891567
-0.2908349658495261
0.13416635781225195
-0.2908349658495261
0.1411817652353472
-0.2908349658495261
0.1552125800815377
-0.2908349658495261
0.1692433949277282
-0.28381955842643086
0.1832742097739187
-0.28381955842643086
0.1973050246201092
-0.2768041510033356
0.20432043204320446
-0.2768041510033356
0.21835124688939495
-0.2768041510033356
0.23238206173558545
-0.26978874358024035
0.2393974691586807
-0.2627733361571451
0.2534282840048712
-0.2627733361571451
0.2674590988510617
-0.25575792873404984
0.2674590988510617
-0.2487425213109546
0.28148991369725224
-0.24172711388785934
0.28850532112034744
-0.23471170646476408
0.30253613596653794
-0.22769629904166885
0.3095515433896332
-0.21366548419547834
0.3095515433896332
-0.2066500767723831
0.31656695081272845
-0.19963466934928784
0.33059776565891896
-0.18560385450309733
0.3376131730820142
-0.17157303965690684
0.34462858050510947
-0.15754222481071634
0.34462858050510947
-0.14351140996452583
0.3516439879282047
-0.1364960025414306
0.3516439879282047
-0.12246518769524009
0.3586593953513
-0.10843437284904958
0.3586593953513
-0.08738815057976383
0.3586593953513
-0.07335733573357334
0.3586593953513
-0.06634192831047808
0.3586593953513
-0.04529570604119233
0.3586593953513
-0.02424948377190658
0.3586593953513
-0.010218668925716077
0.36567480277439524
0.010827553343569675
0.3586593953513
0.031873775612855426
0.3586593953513
0.04590459045904593
0.3586593953513
0.06695081272833169
0.3516439879282047
0.08098162757452218
0.3516439879282047
0.10202784984380793
0.3516439879282047
0.11605866468999844
0.34462858050510947
0.12307407211309368
0.34462858050510947
0.14412029438237944
0.3376131730820142
0.15815110922856992
0.33059776565891896
0.17218192407476043
0.3235823582358237
0.18621273892095094
0.31656695081272845
0.20024355376714145
0.31656695081272845
0.20725896119023668
0.3095515433896332
0.2212897760364272
0.30253613596653794
0.2353205908826177
0.28850532112034744
0.2493514057288082
0.28148991369725224
0.2633822205749987
0.274474506274157
0.27039762799809397
0.2674590988510617
0.2844284428442844
0.2534282840048712
0.2914438502673797
0.2393974691586807
0.3054746651135702
0.2253666543124902
0.31249007253666544
0.21835124688939495
0.3195054799597607
0.20432043204320446
0.3335362948059512
0.19028961719701395
0.34055170222904646
0.1832742097739187
0.3475671096521417
0.1692433949277282
0.3615979244983322
0.1552125800815377
0.3686133319214275
0.14819717265844246
0.3686133319214275
0.13416635781225195
0.3756287393445227
0.12013554296606145
0.38264414676761793
0.10610472811987094
0.3896595541907132
0.09207391327368045
0.39667496161380844
0.08505850585058519
0.39667496161380844
0.07804309842748994
0.39667496161380844
0.06401228358129944
0.4036903690369037
0.056996876158204195
0.41070577645999895
0.04296606131201369
0.41070577645999895
0.02893524646582319
0.4177211838830942
0.02191983904272794
0.4177211838830942
0.01490443161963269
0.4177211838830942
8.736167734421885E-4
0.4177211838830942
-0.006141790649653062
0.4177211838830942
-0.020172605495843564
0.4177211838830942
-0.027188012918938815
0.4177211838830942
-0.034203420342034066
0.4177211838830942
-0.04823423518822457
0.4177211838830942
-0.055249642611319816
0.4177211838830942
-0.06928045745751031
0.4177211838830942
-0.07629586488060557
0.41070577645999895
-0.08331127230370082
0.41070577645999895
-0.09032667972679607
0.4036903690369037
-0.09734208714989132
0.4036903690369037
-0.10435749457298657
0.39667496161380844
-0.11137290199608182
0.39667496161380844
-0.11137290199608182
0.3896595541907132
-0.12540371684227233
0.3896595541907132
-0.13241912426536756
0.38264414676761793
-0.13241912426536756
0.3756287393445227
-0.13943453168846281
0.3686133319214275
-0.14644993911155807
0.3686133319214275
-0.15346534653465332
0.3615979244983322
-0.15346534653465332
0.35458251707523697
-0.16048075395774858
0.3475671096521417
-0.16749616138084383
0.3475671096521417
-0.1745115688039391
0.34055170222904646
-0.1745115688039391
0.3335362948059512
-0.18152697622703431
0.32652088738285595
-0.18854238365012957
0.3195054799597607
-0.18854238365012957
0.31249007253666544
-0.19555779107322482
0.31249007253666544
-0.19555779107322482
0.3054746651135702
-0.19555779107322482
0.29845925769047493
-0.19555779107322482
0.2914438502673797
0
1
0
0
