-0.4223200358966689
1.0
-0.4223200358966689
0.9926924638362428
-0.4150124997329117
0.9853849276724856
-0.4150124997329117
0.9707698553449713
-0.4150124997329117
0.963462319181214
-0.4150124997329117
0.9488472468536997
-0.4150124997329117
0.9342321745261853
-0.4150124997329117
0.9269246383624281
-0.4150124997329117
0.919617102198671
-0.40770496356915453
0.9050020298711566
-0.40770496356915453
0.8976944937073994
-0.40770496356915453
0.883079421379885
-0.40770496356915453
0.8757718852161279
-0.40770496356915453
0.8611568128886135
-0.40770496356915453
0.8538492767248563
-0.40770496356915453
0.839234204397342
-0.40770496356915453
0.8246191320698276
-0.40039742740539735
0.8100040597423133
-0.40039742740539735
0.7953889874147988
-0.40039742740539735
0.7880814512510417
-0.40039742740539735
0.7734663789235273
-0.40039742740539735
0.758851306596013
-0.3930898912416402
0.7442362342684986
-0.3930898912416402
0.7296211619409841
-0.3930898912416402
0.7150060896134698
-0.3930898912416402
0.7076985534497127
-0.385782355077883
0.6930834811221983
-0.385782355077883
0.6711608726309267
-0.385782355077883
0.6565458003034124
-0.3784748189141258
0.641930727975898
-0.3784748189141258
0.6200081194846264
-0.3784748189141258
0.6127005833208692
-0.3784748189141258
0.5980855109933548
-0.37116728275036864
0.5834704386658405
-0.37116728275036864
0.561547830174569
-0.3638597465866114
0.5469327578470545
-0.3638597465866114
0.5396252216832974
-0.3638597465866114
0.525010149355783
-0.35655221042285423
0.5030875408645115
-0.35655221042285423
0.4884724685369971
-0.35655221042285423
0.4665498600457256
-0.34924467425909705
0.45193478771821116
-0.34924467425909705
0.444627251554454
-0.34924467425909705
0.42270464306318245
-0.3419371380953399
0.4080895707356681
-0.3419371380953399
0.3861669622443965
-0.3346296019315827
0.37155188991688215
-0.3346296019315827
0.36424435375312497
-0.3346296019315827
0.34232174526185344
-0.3273220657678255
0.3277066729343391
-0.3273220657678255
0.3057840644430675
-0.32001452960406834
0.29116899211555314
-0.32001452960406834
0.2692463836242816
-0.32001452960406834
0.2619388474605244
-0.31270699344031117
0.24732377513301004
-0.31270699344031117
0.22540116664173848
-0.31270699344031117
0.2107860943142241
-0.30539945727655393
0.18886348582295256
-0.29809192111279675
0.166940877331681
-0.29809192111279675
0.15963334116792383
-0.2907843849490396
0.13771073267665226
-0.2907843849490396
0.11578812418538072
-0.2834768487852824
0.09386551569410917
-0.2834768487852824
0.0792504433665948
-0.2834768487852824
0.06463537103908043
-0.2761693126215252
0.05002029871156606
-0.26886177645776804
0.028097690220294506
-0.26155424029401086
0.01348261789278014
-0.26155424029401086
-0.0011324544347342288
-0.2542467041302537
-0.02305506292600578
-0.2542467041302537
-0.030362599089762965
-0.24693916796649648
-0.05228520758103452
-0.2396316318027393
-0.06690027990854888
-0.2396316318027393
-0.08882288839982044
-0.23232409563898213
-0.10343796072733481
-0.23232409563898213
-0.11805303305484917
-0.22501655947522492
-0.12536056921860636
-0.22501655947522492
-0.13997564154612072
-0.21770902331146774
-0.14728317770987792
-0.21770902331146774
-0.16920578620114946
-0.21770902331146774
-0.18382085852866384
-0.21040148714771056
-0.19112839469242102
-0.2030939509839534
-0.20574346701993537
-0.1957864148201962
-0.22035853934744976
-0.188478878656439
-0.2349736116749641
-0.18117134249268182
-0.2568962201662357
-0.17386380632892465
-0.27151129249375006
-0.17386380632892465
-0.27881882865750723
-0.15924873400141026
-0.30074143714877877
-0.15194119783765309
-0.3153565094762931
-0.15194119783765309
-0.32997158180380753
-0.1446336616738959
-0.3445866541313219
-0.13732612551013873
-0.35920172645883625
-0.13732612551013873
-0.3738167987863506
-0.13001858934638155
-0.388431871113865
-0.12271105318262436
-0.41035447960513655
-0.11540351701886717
-0.4249695519326509
-0.10809598085510999
-0.43958462426016526
-0.10809598085510999
-0.44689216042392244
-0.1007884446913528
-0.46150723275143685
-0.09348090852759562
-0.468814768915194
-0.08617337236383843
-0.4834298412427084
-0.07886583620008125
-0.49804491357022274
-0.07155830003632406
-0.49804491357022274
-0.07155830003632406
-0.5126599858977371
-0.06425076387256688
-0.5272750582252514
-0.0569432277088097
-0.5345825943890087
-0.04963569154505251
-0.549197666716523
-0.04232815538129533
-0.5638127390440374
-0.03502061921753814
-0.5711202752077946
-0.027713083053780962
-0.5784278113715517
-0.020405546890023777
-0.5930428836990661
-0.013098010726266592
-0.6003504198628233
-0.005790474562509408
-0.6149654921903377
0.0015170616012477758
-0.6222730283540949
0.00882459776500496
-0.629580564517852
0.016132133928762143
-0.6441956368453664
0.023439670092519328
-0.6515031730091236
0.0380547424200337
-0.6515031730091236
0.04536227858379088
-0.6588107091728808
0.05266981474754807
-0.666118245336638
0.06728488707506243
-0.6734257815003951
0.07459242323881962
-0.6807333176641523
0.0818999594025768
-0.6807333176641523
0.08920749556633399
-0.6880408538279096
0.09651503173009117
-0.6953483899916667
0.10382256789384835
-0.6953483899916667
0.11113010405760554
-0.6953483899916667
0.1257451763851199
-0.6953483899916667
0.1330527125488771
-0.7026559261554239
0.14036024871263428
-0.7026559261554239
0.14766778487639146
-0.7026559261554239
0.16228285720390584
-0.7026559261554239
0.16959039336766302
-0.7026559261554239
0.1768979295314202
-0.7026559261554239
0.18420546569517737
-0.7026559261554239
0.19151300185893455
-0.7026559261554239
0.19882053802269176
-0.6953483899916667
0.20612807418644893
-0.6953483899916667
0.2134356103502061
-0.6880408538279096
0.2280506826777205
-0.6880408538279096
0.2280506826777205
-0.6807333176641523
0.23535821884147767
-0.6734257815003951
0.24266575500523485
-0.666118245336638
0.24997329116899203
-0.6588107091728808
0.2572808273327492
-0.6515031730091236
0.2645883634965064
-0.6441956368453664
0.27189589966026356
-0.6368881006816093
0.27189589966026356
-0.6222730283540949
0.2792034358240208
-0.6076579560265805
0.2792034358240208
-0.5930428836990661
0.2792034358240208
-0.5784278113715517
0.2792034358240208
-0.5711202752077946
0.2792034358240208
-0.5638127390440374
0.2792034358240208
-0.549197666716523
0.2792034358240208
-0.5345825943890087
0.27189589966026356
-0.5199675220614943
0.27189589966026356
-0.50535244973398
0.2645883634965064
-0.49804491357022274
0.2645883634965064
-0.4834298412427084
0.2645883634965064
-0.4761223050789512
0.2572808273327492
-0.46150723275143685
0.2572808273327492
-0.44689216042392244
0.24997329116899203
-0.43958462426016526
0.24997329116899203
-0.4322770880964081
0.24266575500523485
-0.4176620157688937
0.23535821884147767
-0.41035447960513655
0.23535821884147767
-0.3957394072776222
0.2280506826777205
-0.3811243349501078
0.2207431465139633
-0.3738167987863506
0.2134356103502061
-0.3665092626225934
0.2134356103502061
-0.35189419029507907
0.20612807418644893
-0.3445866541313219
0.19882053802269176
-0.3372791179675647
0.19151300185893455
-0.32266404564005036
0.18420546569517737
-0.3153565094762931
0.1768979295314202
-0.30804897331253595
0.16228285720390584
-0.30074143714877877
0.15497532104014863
-0.2934339009850216
0.14766778487639146
-0.2934339009850216
0.14036024871263428
-0.2861263648212644
0.1330527125488771
-0.2861263648212644
0.1257451763851199
-0.27881882865750723
0.11843764022136272
-0.27881882865750723
0.11113010405760554
-0.27151129249375006
0.09651503173009117
-0.27151129249375006
0.08920749556633399
-0.27151129249375006
0.0818999594025768
-0.2642037563299929
0.07459242323881962
-0.2642037563299929
0.06728488707506243
-0.2642037563299929
0.05997735091130525
-0.2642037563299929
0.04536227858379088
-0.2642037563299929
0.0380547424200337
-0.2642037563299929
0.030747206256276513
-0.2642037563299929
0.023439670092519328
-0.2642037563299929
0.016132133928762143
-0.2642037563299929
0.00882459776500496
-0.2568962201662357
0.0015170616012477758
-0.2568962201662357
-0.005790474562509408
-0.2568962201662357
-0.013098010726266592
-0.2568962201662357
-0.005790474562509408
-0.2568962201662357
0.00882459776500496
-0.2568962201662357
0.023439670092519328
-0.2642037563299929
0.030747206256276513
-0.2642037563299929
0.0380547424200337
-0.2642037563299929
0.05266981474754807
-0.2642037563299929
0.06728488707506243
-0.2642037563299929
0.07459242323881962
-0.27151129249375006
0.08920749556633399
-0.27151129249375006
0.10382256789384835
-0.27151129249375006
0.11113010405760554
-0.27151129249375006
0.11843764022136272
-0.27151129249375006
0.1257451763851199
-0.27151129249375006
0.1330527125488771
-0.27151129249375006
0.14036024871263428
-0.27151129249375006
0.14766778487639146
-0.27151129249375006
0.15497532104014863
-0.27151129249375006
0.16228285720390584
-0.2642037563299929
0.16959039336766302
-0.2642037563299929
0.1768979295314202
-0.2642037563299929
0.18420546569517737
-0.2642037563299929
0.19882053802269176
-0.2642037563299929
0.20612807418644893
-0.2568962201662357
0.2134356103502061
-0.2568962201662357
0.2207431465139633
-0.2495886840024785
0.2280506826777205
-0.2495886840024785
0.23535821884147767
-0.2495886840024785
0.24997329116899203
-0.24228114783872132
0.2572808273327492
-0.24228114783872132
0.2645883634965064
-0.2349736116749641
0.27189589966026356
-0.22766607551120693
0.2792034358240208
-0.22035853934744976
0.286510971987778
-0.21305100318369258
0.29381850815153515
-0.20574346701993537
0.30112604431529233
-0.1984359308561782
0.3084335804790495
-0.1984359308561782
0.3157411166428067
-0.18382085852866384
0.32304865280656386
-0.17651332236490666
0.33035618897032104
-0.16920578620114946
0.33035618897032104
-0.1545907138736351
0.3376637251340783
-0.13997564154612072
0.34497126129783545
-0.12536056921860636
0.35227879746159263
-0.11805303305484917
0.35227879746159263
-0.10343796072733481
0.3595863336253498
-0.08882288839982044
0.3595863336253498
-0.08151535223606325
0.366893869789107
-0.07420781607230607
0.366893869789107
-0.059592743744791704
0.37420140595286416
-0.044977671417277335
0.37420140595286416
-0.030362599089762965
0.37420140595286416
-0.02305506292600578
0.37420140595286416
-0.008439990598491412
0.38150894211662134
0.0061750817290229555
0.38150894211662134
0.020790154056537325
0.38150894211662134
0.03540522638405169
0.38150894211662134
0.057327834875323246
0.38150894211662134
0.06463537103908043
0.38150894211662134
0.0792504433665948
0.37420140595286416
0.09386551569410917
0.37420140595286416
0.10848058802162354
0.37420140595286416
0.1304031965128951
0.366893869789107
0.13771073267665226
0.366893869789107
0.15232580500416665
0.3595863336253498
0.166940877331681
0.3595863336253498
0.1815559496591954
0.35227879746159263
0.19617102198670974
0.34497126129783545
0.2107860943142241
0.34497126129783545
0.2180936304779813
0.3376637251340783
0.23270870280549566
0.33035618897032104
0.24732377513301004
0.32304865280656386
0.2619388474605244
0.3157411166428067
0.2765539197880388
0.3084335804790495
0.2765539197880388
0.30112604431529233
0.29116899211555314
0.29381850815153515
0.3057840644430675
0.286510971987778
0.31309160060682467
0.2792034358240208
0.3277066729343391
0.27189589966026356
0.3277066729343391
0.2645883634965064
0.34232174526185344
0.2572808273327492
0.3496292814256106
0.24997329116899203
0.3569368175893678
0.23535821884147767
0.36424435375312497
0.2280506826777205
0.37155188991688215
0.2207431465139633
0.3788594260806393
0.20612807418644893
0.3861669622443965
0.19882053802269176
0.39347449840815374
0.18420546569517737
0.4007820345719109
0.16959039336766302
0.4080895707356681
0.15497532104014863
0.4153971068994253
0.14036024871263428
0.42270464306318245
0.1257451763851199
0.42270464306318245
0.11113010405760554
0.43001217922693963
0.09651503173009117
0.4373197153906968
0.0818999594025768
0.444627251554454
0.06728488707506243
0.444627251554454
0.05997735091130525
0.45193478771821116
0.05266981474754807
0.45193478771821116
0.04536227858379088
0.45193478771821116
0.0380547424200337
0.45193478771821116
0.030747206256276513
0.45193478771821116
0.016132133928762143
0.45193478771821116
0.00882459776500496
0.45193478771821116
0.0015170616012477758
0.45193478771821116
-0.005790474562509408
0.45193478771821116
-0.013098010726266592
0.45193478771821116
-0.020405546890023777
0.45193478771821116
-0.03502061921753814
0.4592423238819684
-0.04232815538129533
0.45193478771821116
-0.04963569154505251
0.45193478771821116
-0.07155830003632406
0.45193478771821116
-0.09348090852759562
0.444627251554454
-0.1007884446913528
0.444627251554454
-0.10809598085510999
0.444627251554454
-0.12271105318262436
0.4373197153906968
-0.13001858934638155
0.4373197153906968
-0.13732612551013873
0.4373197153906968
-0.13732612551013873
0.43001217922693963
-0.1446336616738959
0.43001217922693963
-0.15194119783765309
0.43001217922693963
-0.15924873400141026
0.42270464306318245
-0.16655627016516747
0.42270464306318245
-0.16655627016516747
0.4153971068994253
-0.17386380632892465
0.4153971068994253
-0.18117134249268182
0.4080895707356681
-0.188478878656439
0.4007820345719109
-0.1957864148201962
0.4007820345719109
-0.1957864148201962
0.39347449840815374
-0.2030939509839534
0.39347449840815374
-0.2030939509839534
0.3861669622443965
-0.21040148714771056
0.3788594260806393
-0.21770902331146774
0.3788594260806393
-0.21770902331146774
0.37155188991688215
-0.22501655947522492
0.36424435375312497
-0.22501655947522492
0.3569368175893678
-0.23232409563898213
0.3496292814256106
-0.23232409563898213
0.34232174526185344
-0.23232409563898213
0.33501420909809626
-0.23232409563898213
0.3277066729343391
-0.23232409563898213
0.32039913677058185
-0.23232409563898213
0.31309160060682467
-0.2396316318027393
0.31309160060682467
-0.2396316318027393
0.3057840644430675
0
1
0
0
