-0.36970905813083743
1.0
-0.36970905813083743
0.9849254904969218
-0.36970905813083743
0.9773882357453827
-0.36970905813083743
0.9623137262423045
-0.36970905813083743
0.9472392167392263
-0.36970905813083743
0.9397019619876872
-0.36970905813083743
0.9321647072361482
-0.36970905813083743
0.91709019773307
-0.36970905813083743
0.9020156882299918
-0.36970905813083743
0.8944784334784527
-0.36970905813083743
0.8869411787269136
-0.36970905813083743
0.8794039239753745
-0.36970905813083743
0.8643294144722963
-0.36970905813083743
0.8567921597207572
-0.36970905813083743
0.8492549049692181
-0.36970905813083743
0.8341803954661399
-0.36970905813083743
0.8266431407146008
-0.36970905813083743
0.8115686312115226
-0.36970905813083743
0.7964941217084445
-0.36970905813083743
0.7814196122053663
-0.36970905813083743
0.7663451027022881
-0.36970905813083743
0.758807847950749
-0.36970905813083743
0.7437333384476708
-0.36970905813083743
0.7361960836961317
-0.36970905813083743
0.7211215741930534
-0.36970905813083743
0.7060470646899752
-0.36970905813083743
0.690972555186897
-0.36970905813083743
0.6758980456838188
-0.36217180337929833
0.6608235361807407
-0.36217180337929833
0.6532862814292016
-0.36217180337929833
0.6382117719261234
-0.36217180337929833
0.6231372624230452
-0.36217180337929833
0.608062752919967
-0.36217180337929833
0.5929882434168888
-0.36217180337929833
0.5779137339138106
-0.36217180337929833
0.5703764791622715
-0.36217180337929833
0.5477647149076542
-0.36217180337929833
0.5326902054045761
-0.36217180337929833
0.5176156959014979
-0.36217180337929833
0.5025411863984197
-0.36217180337929833
0.4950039316468806
-0.36217180337929833
0.4723921673922633
-0.36217180337929833
0.4573176578891851
-0.36217180337929833
0.4422431483861069
-0.36217180337929833
0.42716863888302875
-0.36217180337929833
0.41209412937995055
-0.36217180337929833
0.40455687462841144
-0.3546345486277592
0.38948236512533324
-0.36217180337929833
0.37440785562225504
-0.36217180337929833
0.3593333461191769
-0.36217180337929833
0.3442588366160987
-0.3546345486277592
0.3367215818645596
-0.3546345486277592
0.3216470723614814
-0.3546345486277592
0.3065725628584032
-0.3546345486277592
0.2839607986037859
-0.3546345486277592
0.2688862891007077
-0.3546345486277592
0.2538117795976295
-0.3546345486277592
0.23873727009455134
-0.3546345486277592
0.22366276059147314
-0.3546345486277592
0.20105099633685586
-0.3470972938762201
0.18597648683377765
-0.3470972938762201
0.17090197733069948
-0.3546345486277592
0.16336472257916038
-0.3470972938762201
0.1482902130760822
-0.3470972938762201
0.133215703573004
-0.3470972938762201
0.1181411940699258
-0.3470972938762201
0.10306668456684762
-0.339560039124681
0.08799217506376943
-0.339560039124681
0.08045492031223032
-0.339560039124681
0.06538041080915213
-0.339560039124681
0.050305901306073944
-0.339560039124681
0.035231391802995754
-0.339560039124681
0.020156882299917564
-0.339560039124681
0.012619627548378467
-0.339560039124681
-0.0024548819546997246
-0.3320227843731419
-0.017529391457777915
-0.3320227843731419
-0.03260390096085611
-0.3320227843731419
-0.0401411557123952
-0.3244855296216029
-0.05521566521547339
-0.3244855296216029
-0.06275291996701249
-0.3244855296216029
-0.07782742947009068
-0.3244855296216029
-0.09290193897316887
-0.3244855296216029
-0.10797644847624706
-0.3169482748700638
-0.12305095797932526
-0.3169482748700638
-0.13812546748240345
-0.3169482748700638
-0.15319997698548163
-0.30941102011852467
-0.16827448648855983
-0.30941102011852467
-0.183348995991638
-0.30941102011852467
-0.1984235054947162
-0.30187376536698557
-0.21349801499779442
-0.30187376536698557
-0.2285725245008726
-0.30187376536698557
-0.2436470340039508
-0.29433651061544647
-0.258721543507029
-0.29433651061544647
-0.2737960530101072
-0.29433651061544647
-0.2813333077616463
-0.29433651061544647
-0.2964078172647245
-0.28679925586390737
-0.30394507201626353
-0.28679925586390737
-0.31901958151934173
-0.28679925586390737
-0.33409409102241994
-0.27926200111236826
-0.34916860052549814
-0.27926200111236826
-0.35670585527703724
-0.27172474636082916
-0.3717803647801154
-0.26418749160929006
-0.3868548742831936
-0.26418749160929006
-0.4019293837862718
-0.256650236857751
-0.41700389328935
-0.24911298210621188
-0.4245411480408891
-0.24911298210621188
-0.43961565754396725
-0.2415757273546728
-0.45469016704704546
-0.2415757273546728
-0.46976467655012366
-0.2340384726031337
-0.49237644080474097
-0.2340384726031337
-0.49991369555628
-0.2265012178515946
-0.5074509503078192
-0.2265012178515946
-0.5225254598108974
-0.2189639631000555
-0.5375999693139755
-0.21142670834851643
-0.5526744788170537
-0.20388945359697733
-0.5677489883201319
-0.20388945359697733
-0.575286243071671
-0.19635219884543822
-0.5828234978232101
-0.18881494409389912
-0.5978980073262883
-0.18127768934236002
-0.6129725168293665
-0.17374043459082095
-0.6280470263324447
-0.16620317983928184
-0.6355842810839838
-0.15866592508774274
-0.650658790587062
-0.15112867033620364
-0.6657333000901401
-0.13605416083312546
-0.6808078095932183
-0.12851690608158636
-0.6883450643447574
-0.11344239657850817
-0.7034195738478356
-0.10590514182696907
-0.7109568285993747
-0.09836788707542998
-0.7260313381024529
-0.08329337757235179
-0.7411058476055311
-0.0682188680692736
-0.7486431023570702
-0.053144358566195406
-0.7561803571086093
-0.04560710381465631
-0.7637176118601484
-0.03053259431157812
-0.7712548666116875
-0.022995339560039026
-0.7787921213632266
-0.007920830056960834
-0.7863293761147657
0.007153679446117357
-0.7938666308663048
0.022228188949195548
-0.7938666308663048
0.029765443700734643
-0.8014038856178438
0.044839953203812837
-0.8014038856178438
0.05237720795535193
-0.8089411403693829
0.06745171745843012
-0.8089411403693829
0.07498897220996922
-0.8089411403693829
0.09006348171304741
-0.8089411403693829
0.0976007364645865
-0.8014038856178438
0.11267524596766469
-0.8014038856178438
0.12774975547074288
-0.7938666308663048
0.13528701022228198
-0.7938666308663048
0.1503615197253602
-0.7938666308663048
0.16543602922843836
-0.7863293761147657
0.17297328397997747
-0.7787921213632266
0.18804779348305564
-0.7712548666116875
0.19558504823459474
-0.7637176118601484
0.20312230298613385
-0.7637176118601484
0.21065955773767295
-0.7486431023570702
0.21819681248921205
-0.7411058476055311
0.22573406724075112
-0.7260313381024529
0.23327132199229023
-0.7109568285993747
0.24080857674382933
-0.7034195738478356
0.24080857674382933
-0.6958823190962965
0.24834583149536843
-0.6808078095932183
0.24834583149536843
-0.6657333000901401
0.24834583149536843
-0.650658790587062
0.24834583149536843
-0.6355842810839838
0.24834583149536843
-0.6205097715809056
0.24834583149536843
-0.6054352620778274
0.24834583149536843
-0.5903607525747492
0.24834583149536843
-0.575286243071671
0.24834583149536843
-0.5677489883201319
0.24834583149536843
-0.5602117335685928
0.24834583149536843
-0.5451372240655146
0.24834583149536843
-0.5375999693139755
0.24080857674382933
-0.5225254598108974
0.24080857674382933
-0.5149882050593583
0.23327132199229023
-0.5074509503078192
0.23327132199229023
-0.49991369555628
0.23327132199229023
-0.49237644080474097
0.22573406724075112
-0.47730193130166276
0.22573406724075112
-0.46976467655012366
0.21819681248921205
-0.46222742179858456
0.21819681248921205
-0.45469016704704546
0.21065955773767295
-0.43961565754396725
0.20312230298613385
-0.43207840279242815
0.19558504823459474
-0.4245411480408891
0.18804779348305564
-0.4094666385378109
0.18051053873151657
-0.4019293837862718
0.17297328397997747
-0.3868548742831936
0.16543602922843836
-0.3793176195316545
0.15789877447689926
-0.3717803647801154
0.14282426497382109
-0.36424311002857634
0.14282426497382109
-0.35670585527703724
0.13528701022228198
-0.34916860052549814
0.12774975547074288
-0.34163134577395904
0.1202125007192038
-0.33409409102241994
0.11267524596766469
-0.32655683627088083
0.1051379912161256
-0.31901958151934173
0.0976007364645865
-0.31148232676780263
0.0976007364645865
-0.30394507201626353
0.09006348171304741
-0.30394507201626353
0.08252622696150831
-0.30394507201626353
0.07498897220996922
-0.2964078172647245
0.06745171745843012
-0.2888705625131854
0.05991446270689103
-0.2888705625131854
0.05237720795535193
-0.2813333077616463
0.044839953203812837
-0.2737960530101072
0.03730269845227374
-0.2662587982585681
0.029765443700734643
-0.258721543507029
0.022228188949195548
-0.258721543507029
0.014690934197656453
-0.25118428875548987
0.007153679446117357
-0.25118428875548987
0.007153679446117357
-0.2436470340039508
-3.835753054217383E-4
-0.2436470340039508
-0.007920830056960834
-0.2361097792524117
-0.015458084808499929
-0.2285725245008726
-0.022995339560039026
-0.2285725245008726
-0.03053259431157812
-0.2285725245008726
-0.038069849063117216
-0.2210352697493335
-0.04560710381465631
-0.2210352697493335
-0.053144358566195406
-0.2210352697493335
-0.0606816133177345
-0.2210352697493335
-0.0682188680692736
-0.21349801499779442
-0.07575612282081269
-0.21349801499779442
-0.08329337757235179
-0.21349801499779442
-0.09083063232389088
-0.21349801499779442
-0.09836788707542998
-0.21349801499779442
-0.10590514182696907
-0.21349801499779442
-0.11344239657850817
-0.21349801499779442
-0.12097965133004727
-0.21349801499779442
-0.11344239657850817
-0.21349801499779442
-0.09083063232389088
-0.2285725245008726
-0.08329337757235179
-0.2285725245008726
-0.0682188680692736
-0.2361097792524117
-0.053144358566195406
-0.2436470340039508
-0.03053259431157812
-0.25118428875548987
-0.015458084808499929
-0.25118428875548987
-3.835753054217383E-4
-0.258721543507029
0.007153679446117357
-0.2662587982585681
0.014690934197656453
-0.2737960530101072
0.029765443700734643
-0.2737960530101072
0.044839953203812837
-0.2813333077616463
0.05991446270689103
-0.2813333077616463
0.06745171745843012
-0.2813333077616463
0.08252622696150831
-0.2888705625131854
0.0976007364645865
-0.2888705625131854
0.11267524596766469
-0.2888705625131854
0.12774975547074288
-0.2888705625131854
0.14282426497382109
-0.2888705625131854
0.1503615197253602
-0.2888705625131854
0.16543602922843836
-0.2964078172647245
0.18051053873151657
-0.2888705625131854
0.18804779348305564
-0.2888705625131854
0.20312230298613385
-0.2888705625131854
0.21065955773767295
-0.2888705625131854
0.22573406724075112
-0.2888705625131854
0.23327132199229023
-0.2888705625131854
0.24834583149536843
-0.2813333077616463
0.26342034099844663
-0.2737960530101072
0.2709575957499857
-0.2737960530101072
0.2784948505015248
-0.2737960530101072
0.293569360004603
-0.2662587982585681
0.3011066147561421
-0.258721543507029
0.3161811242592203
-0.25118428875548987
0.3237183790107594
-0.25118428875548987
0.3312556337622985
-0.2436470340039508
0.34633014326537664
-0.2361097792524117
0.35386739801691575
-0.2210352697493335
0.36894190751999395
-0.21349801499779442
0.37647916227153305
-0.1984235054947162
0.39155367177461126
-0.183348995991638
0.39909092652615036
-0.17581174124009893
0.4066281812776894
-0.16827448648855983
0.4141654360292285
-0.15319997698548163
0.4292399455323067
-0.13812546748240345
0.4367772002838458
-0.12305095797932526
0.4367772002838458
-0.11551370322778616
0.4443144550353849
-0.10797644847624706
0.451851709786924
-0.09290193897316887
0.4593889645384631
-0.07782742947009068
0.4669262192900022
-0.05521566521547339
0.4669262192900022
-0.0401411557123952
0.4669262192900022
-0.03260390096085611
0.47446347404154127
-0.017529391457777915
0.47446347404154127
-0.0024548819546997246
0.48200072879308037
0.012619627548378467
0.48200072879308037
0.02769413705145666
0.48200072879308037
0.04276864655453485
0.48200072879308037
0.05784315605761304
0.48200072879308037
0.07291766556069124
0.48200072879308037
0.08799217506376943
0.48200072879308037
0.10306668456684762
0.48200072879308037
0.1181411940699258
0.48200072879308037
0.1256784488214649
0.48200072879308037
0.1407529583245431
0.47446347404154127
0.15582746782762127
0.47446347404154127
0.17090197733069948
0.47446347404154127
0.17843923208223858
0.47446347404154127
0.18597648683377765
0.4669262192900022
0.20105099633685586
0.4669262192900022
0.21612550583993406
0.4669262192900022
0.22366276059147314
0.4593889645384631
0.23873727009455134
0.4593889645384631
0.24627452484609044
0.451851709786924
0.2613490343491686
0.4443144550353849
0.2764235438522468
0.4443144550353849
0.291498053355325
0.4367772002838458
0.29903530810686413
0.4292399455323067
0.3141098176099423
0.4292399455323067
0.3216470723614814
0.4217026907807676
0.3367215818645596
0.4141654360292285
0.3442588366160987
0.4066281812776894
0.3593333461191769
0.39909092652615036
0.366870600870716
0.39909092652615036
0.37440785562225504
0.39155367177461126
0.38194511037379414
0.38401641702307215
0.38948236512533324
0.37647916227153305
0.39701961987687234
0.36140465276845485
0.40455687462841144
0.35386739801691575
0.41209412937995055
0.34633014326537664
0.41209412937995055
0.33879288851383754
0.41963138413148965
0.33879288851383754
0.42716863888302875
0.3312556337622985
0.4347058936345678
0.3237183790107594
0.4347058936345678
0.3161811242592203
0.4422431483861069
0.3086438695076812
0.4422431483861069
0.3011066147561421
0.449780403137646
0.293569360004603
0.4573176578891851
0.2860321052530639
0.4573176578891851
0.2784948505015248
0.4573176578891851
0.2709575957499857
0.4648549126407242
0.25588308624690753
0.4648549126407242
0.24834583149536843
0.4648549126407242
0.23327132199229023
0.4723921673922633
0.22573406724075112
0.4723921673922633
0.21819681248921205
0.4799294221438024
0.20312230298613385
0.4874666768953415
0.19558504823459474
0.4874666768953415
0.18051053873151657
0.4950039316468806
0.17297328397997747
0.4950039316468806
0.15789877447689926
0.4950039316468806
0.14282426497382109
0.5025411863984197
0.12774975547074288
0.5025411863984197
0.1202125007192038
0.5025411863984197
0.11267524596766469
0.5025411863984197
0.0976007364645865
0.5100784411499588
0.09006348171304741
0.5100784411499588
0.07498897220996922
0.5100784411499588
0.06745171745843012
0.5100784411499588
0.05991446270689103
0.5100784411499588
0.05237720795535193
0.5100784411499588
0.044839953203812837
0.5100784411499588
0.03730269845227374
0.5100784411499588
0.022228188949195548
0.5176156959014979
0.014690934197656453
0.5176156959014979
0.007153679446117357
0.5100784411499588
-3.835753054217383E-4
0.5100784411499588
-0.007920830056960834
0.5100784411499588
-0.015458084808499929
0.5100784411499588
-0.022995339560039026
0.5100784411499588
-0.03053259431157812
0.5100784411499588
-0.038069849063117216
0.5025411863984197
-0.04560710381465631
0.5025411863984197
-0.053144358566195406
0.5025411863984197
-0.0606816133177345
0.4950039316468806
-0.0682188680692736
0.4950039316468806
-0.07575612282081269
0.4874666768953415
-0.08329337757235179
0.4874666768953415
-0.09083063232389088
0.4799294221438024
-0.09836788707542998
0.4799294221438024
-0.10590514182696907
0.4723921673922633
-0.11344239657850817
0.4648549126407242
-0.12097965133004727
0.4648549126407242
-0.12851690608158636
0.4573176578891851
-0.13605416083312546
0.4573176578891851
-0.13605416083312546
0.449780403137646
-0.14359141558466457
0.4422431483861069
-0.15112867033620364
0.4422431483861069
-0.15112867033620364
0.4347058936345678
-0.15866592508774274
0.42716863888302875
-0.15866592508774274
0.41963138413148965
-0.16620317983928184
0.41209412937995055
-0.16620317983928184
0.40455687462841144
-0.17374043459082095
0.39701961987687234
-0.17374043459082095
0.38948236512533324
-0.18127768934236002
0.38194511037379414
-0.18127768934236002
0.37440785562225504
-0.18881494409389912
0.366870600870716
-0.18881494409389912
0.3593333461191769
-0.19635219884543822
0.3517960913676378
-0.19635219884543822
0.3442588366160987
-0.19635219884543822
0.3367215818645596
-0.19635219884543822
0.3291843271130205
-0.20388945359697733
0.3291843271130205
0
1
0
0
