-0.3702295856554396
1.0
-0.3702295856554396
0.9941240610613036
-0.3702295856554396
0.9823721831839108
-0.3702295856554396
0.9764962442452144
-0.3702295856554396
0.9706203053065181
-0.3702295856554396
0.9588684274291253
-0.3702295856554396
0.9529924884904288
-0.3702295856554396
0.9471165495517325
-0.3702295856554396
0.9353646716743397
-0.3702295856554396
0.9294887327356434
-0.36435364671674325
0.9236127937969469
-0.36435364671674325
0.9118609159195542
-0.36435364671674325
0.9059849769808578
-0.36435364671674325
0.894233099103465
-0.36435364671674325
0.8883571601647686
-0.35847770777804683
0.8824812212260722
-0.35847770777804683
0.8707293433486795
-0.35847770777804683
0.8589774654712866
-0.35847770777804683
0.8472255875938939
-0.35847770777804683
0.8354737097165011
-0.35847770777804683
0.8295977707778047
-0.35847770777804683
0.8178458929004119
-0.35260176883935046
0.8119699539617156
-0.35260176883935046
0.8060940150230191
-0.35260176883935046
0.8002180760843227
-0.35260176883935046
0.78846619820693
-0.35260176883935046
0.7825902592682336
-0.35260176883935046
0.7708383813908408
-0.35260176883935046
0.7649624424521444
-0.35260176883935046
0.7590865035134481
-0.34672582990065404
0.7473346256360552
-0.34672582990065404
0.7355827477586625
-0.34672582990065404
0.7297068088199661
-0.34672582990065404
0.7238308698812697
-0.34672582990065404
0.7120789920038769
-0.34672582990065404
0.7062030530651805
-0.34084989096195767
0.6944511751877878
-0.34084989096195767
0.682699297310395
-0.34084989096195767
0.6709474194330022
-0.34084989096195767
0.6591955415556094
-0.34084989096195767
0.6474436636782166
-0.34084989096195767
0.6356917858008239
-0.3349739520232613
0.6239399079234311
-0.3349739520232613
0.6121880300460383
-0.3349739520232613
0.6063120911073419
-0.3349739520232613
0.5945602132299491
-0.3349739520232613
0.5828083353525564
-0.3290980130845649
0.5710564574751635
-0.3290980130845649
0.5534286406590744
-0.3290980130845649
0.5416767627816816
-0.3290980130845649
0.5358008238429852
-0.3290980130845649
0.5240489459655925
-0.3232220741458685
0.5122970680881996
-0.3232220741458685
0.49466925127211053
-0.3232220741458685
0.48291737339471774
-0.3232220741458685
0.4770414344560213
-0.3232220741458685
0.45941361763993216
-0.31734613520717214
0.4476617397625394
-0.31734613520717214
0.4300339229464502
-0.31734613520717214
0.4182820450690575
-0.3114701962684757
0.40065422825296826
-0.3114701962684757
0.3947782893142719
-0.30559425732977935
0.37715047249818273
-0.30559425732977935
0.36539859462078994
-0.30559425732977935
0.3477707778047008
-0.2997183183910829
0.336018899927308
-0.2997183183910829
0.3242670220499152
-0.29384237945238656
0.31839108311121883
-0.29384237945238656
0.30663920523382604
-0.29384237945238656
0.29488732735643325
-0.2879664405136902
0.2831354494790405
-0.2879664405136902
0.2655076326629513
-0.2879664405136902
0.25375575478555856
-0.2879664405136902
0.24787981584686217
-0.28209050157499377
0.23612793796946938
-0.28209050157499377
0.21850012115338022
-0.2762145626362974
0.20674824327598743
-0.2762145626362974
0.19499636539859466
-0.2762145626362974
0.18912042645989827
-0.270338623697601
0.18324448752120187
-0.270338623697601
0.1714926096438091
-0.270338623697601
0.15974073176641632
-0.270338623697601
0.14798885388902353
-0.2644626847589046
0.13623697601163076
-0.2644626847589046
0.13036103707293437
-0.2644626847589046
0.11273322025684519
-0.25858674582020824
0.10098134237945242
-0.25858674582020824
0.08335352556336326
-0.2527108068815118
0.07160164768597048
-0.2527108068815118
0.059849769808577695
-0.2527108068815118
0.053973830869881306
-0.24683486794281545
0.04222195299248853
-0.24683486794281545
0.02459413617639936
-0.24095892900411905
0.01284225829900658
-0.24095892900411905
0.001090380421613801
-0.23508299006542266
-0.004785558517082588
-0.23508299006542266
-0.022413375333171757
-0.22920705112672626
-0.03416525321056454
-0.2233311121880299
-0.051793070026653704
-0.2174551732493335
-0.06354494790404648
-0.2174551732493335
-0.08117276472013565
-0.2115792343106371
-0.08704870365883204
-0.2115792343106371
-0.09880058153622481
-0.2057032953719407
-0.1105524594136176
-0.2057032953719407
-0.12230433729101038
-0.19982735643324434
-0.13405621516840316
-0.19982735643324434
-0.14580809304579592
-0.19982735643324434
-0.15168403198449232
-0.19395141749454795
-0.1575599709231887
-0.19395141749454795
-0.1693118488005815
-0.18807547855585155
-0.18106372667797427
-0.18807547855585155
-0.19281560455536706
-0.18219953961715515
-0.19869154349406343
-0.18219953961715515
-0.21631936031015261
-0.17632360067845876
-0.22807123818754538
-0.1704476617397624
-0.23982311606493817
-0.164571722801066
-0.25157499394233096
-0.164571722801066
-0.2633268718197237
-0.1586957838623696
-0.2692028107584201
-0.1586957838623696
-0.2809546886358129
-0.1528198449236732
-0.29270656651320565
-0.14694390598497684
-0.30445844439059844
-0.14694390598497684
-0.31621032226799123
-0.14106796704628044
-0.327962200145384
-0.14106796704628044
-0.3338381390840804
-0.13519202810758404
-0.3455900169614732
-0.12931608916888765
-0.35734189483886597
-0.12344015023019127
-0.3690937727162587
-0.12344015023019127
-0.3808456505936515
-0.11756421129149487
-0.3867215895323479
-0.11756421129149487
-0.3925975284710443
-0.11168827235279849
-0.4043494063484371
-0.11168827235279849
-0.41022534528713345
-0.1058123334141021
-0.42197722316452624
-0.09993639447540571
-0.43372910104191903
-0.09406045553670932
-0.4454809789193118
-0.09406045553670932
-0.45723285679670456
-0.08818451659801294
-0.463108795735401
-0.08230857765931654
-0.4748606736127937
-0.07643263872062014
-0.4748606736127937
-0.07643263872062014
-0.48073661255149014
-0.07055669978192376
-0.4866125514901865
-0.06468076084322737
-0.49248849042888293
-0.058804821904530985
-0.5042403683062757
-0.0470529440271382
-0.510116307244972
-0.0470529440271382
-0.5159922461836685
-0.04117700508844181
-0.5159922461836685
-0.03530106614974542
-0.5218681851223649
-0.023549188272352646
-0.5336200629997576
-0.017673249333656257
-0.539496001938454
-0.011797310394959867
-0.5453719408771505
-0.005921371456263478
-0.5512478798158468
-4.5432517567088615E-5
-0.5571238187545432
0.005830506421129301
-0.5629997576932396
0.017582384298522078
-0.5688756966319359
0.02345832323721847
-0.5747516355706324
0.02933426217591486
-0.5806275745093288
0.03521020111461125
-0.5865035134480251
0.041086140053307636
-0.5923794523867215
0.046962078992004025
-0.5923794523867215
0.052838017930700414
-0.5982553913254179
0.0587139568693968
-0.6100072692028107
0.0645898958080932
-0.6100072692028107
0.07046583474678958
-0.6158832081415071
0.07634177368548598
-0.6158832081415071
0.08221771262418236
-0.6217591470802035
0.08809365156287875
-0.6276350860188998
0.09396959050157515
-0.6276350860188998
0.09984552944027153
-0.6276350860188998
0.10572146837896793
-0.6335110249575963
0.11159740731766431
-0.6276350860188998
0.12334928519505708
-0.6276350860188998
0.12922522413375348
-0.6276350860188998
0.13510116307244988
-0.6276350860188998
0.14097710201114624
-0.6217591470802035
0.14685304094984264
-0.6217591470802035
0.15272897988853903
-0.6158832081415071
0.16448085776593183
-0.6100072692028107
0.1703567967046282
-0.6041313302641144
0.1762327356433246
-0.5982553913254179
0.18210867458202099
-0.5923794523867215
0.18798461352071738
-0.5865035134480251
0.18798461352071738
-0.5806275745093288
0.19386055245941375
-0.5747516355706324
0.19386055245941375
-0.5688756966319359
0.19973649139811014
-0.5629997576932396
0.19973649139811014
-0.5571238187545432
0.20561243033680654
-0.5453719408771505
0.20561243033680654
-0.539496001938454
0.20561243033680654
-0.5336200629997576
0.20561243033680654
-0.5218681851223649
0.20561243033680654
-0.5159922461836685
0.19973649139811014
-0.510116307244972
0.19973649139811014
-0.5042403683062757
0.19973649139811014
-0.4983644293675793
0.19973649139811014
-0.49248849042888293
0.19386055245941375
-0.4866125514901865
0.19386055245941375
-0.48073661255149014
0.18798461352071738
-0.46898473467409735
0.18210867458202099
-0.45723285679670456
0.18210867458202099
-0.4513569178580082
0.1762327356433246
-0.4454809789193118
0.1703567967046282
-0.43372910104191903
0.16448085776593183
-0.4278531621032226
0.16448085776593183
-0.42197722316452624
0.15860491882723543
-0.41610128422582987
0.15272897988853903
-0.41022534528713345
0.14685304094984264
-0.4043494063484371
0.14097710201114624
-0.39847346740974066
0.13510116307244988
-0.3925975284710443
0.13510116307244988
-0.3867215895323479
0.12922522413375348
-0.3808456505936515
0.12334928519505708
-0.37496971165495513
0.1174733462563607
-0.3690937727162587
0.11159740731766431
-0.36321783377756234
0.10572146837896793
-0.36321783377756234
0.10572146837896793
-0.35734189483886597
0.09984552944027153
-0.35734189483886597
0.09396959050157515
-0.35146595590016955
0.08809365156287875
-0.3455900169614732
0.08221771262418236
-0.3455900169614732
0.08221771262418236
-0.3397140780227768
0.07634177368548598
-0.3397140780227768
0.07634177368548598
-0.3338381390840804
0.07046583474678958
-0.3338381390840804
0.0645898958080932
-0.3338381390840804
0.0587139568693968
-0.3338381390840804
0.052838017930700414
-0.327962200145384
0.046962078992004025
-0.327962200145384
0.041086140053307636
-0.327962200145384
0.03521020111461125
-0.3220862612066876
0.02933426217591486
-0.3220862612066876
0.02345832323721847
-0.3220862612066876
0.02933426217591486
-0.3220862612066876
0.03521020111461125
-0.3220862612066876
0.046962078992004025
-0.3220862612066876
0.052838017930700414
-0.3220862612066876
0.0587139568693968
-0.3220862612066876
0.07046583474678958
-0.3220862612066876
0.07634177368548598
-0.3220862612066876
0.08221771262418236
-0.3220862612066876
0.08809365156287875
-0.3220862612066876
0.09396959050157515
-0.327962200145384
0.10572146837896793
-0.327962200145384
0.11159740731766431
-0.327962200145384
0.1174733462563607
-0.3220862612066876
0.12334928519505708
-0.327962200145384
0.12922522413375348
-0.3220862612066876
0.13510116307244988
-0.3220862612066876
0.14097710201114624
-0.3220862612066876
0.14685304094984264
-0.3220862612066876
0.15860491882723543
-0.3220862612066876
0.16448085776593183
-0.3220862612066876
0.1703567967046282
-0.3220862612066876
0.1762327356433246
-0.31621032226799123
0.18210867458202099
-0.31621032226799123
0.18798461352071738
-0.31621032226799123
0.19386055245941375
-0.31033438332929486
0.20561243033680654
-0.31033438332929486
0.20561243033680654
-0.30445844439059844
0.21736430821419933
-0.30445844439059844
0.2232402471528957
-0.29858250545190207
0.2291161860915921
-0.29270656651320565
0.24086806396898489
-0.2868306275745093
0.24674400290768125
-0.2809546886358129
0.25261994184637765
-0.2809546886358129
0.2584958807850741
-0.2750787496971165
0.26437181972377044
-0.2750787496971165
0.2702477586624668
-0.2692028107584201
0.27612369760116323
-0.2633268718197237
0.2819996365398596
-0.25745093288102733
0.2819996365398596
-0.25157499394233096
0.28787557547855597
-0.24569905500363456
0.2937515144172524
-0.23982311606493817
0.29962745335594876
-0.23394717712624177
0.3055033922946452
-0.222195299248849
0.31137933123334155
-0.21044342137145622
0.3172552701720379
-0.20456748243275982
0.3172552701720379
-0.19869154349406343
0.32313120911073434
-0.18693966561667066
0.3290071480494307
-0.18106372667797427
0.33488308698812713
-0.17518778773927787
0.3407590259268235
-0.1693118488005815
0.3407590259268235
-0.1575599709231887
0.34663496486551987
-0.14580809304579592
0.3525109038042163
-0.13993215410709955
0.35838684274291266
-0.13405621516840316
0.35838684274291266
-0.12230433729101038
0.364262781681609
-0.11642839835231399
0.37013872062030545
-0.10467652047492121
0.3760146595590018
-0.08704870365883204
0.38189059849769824
-0.08117276472013565
0.38189059849769824
-0.07529682578143926
0.38189059849769824
-0.06354494790404648
0.3877665374363946
-0.05766900896535009
0.3877665374363946
-0.045917131087957315
0.3877665374363946
-0.040041192149260926
0.393642476375091
-0.03416525321056454
0.393642476375091
-0.022413375333171757
0.393642476375091
-0.010661497455778978
0.393642476375091
-0.004785558517082588
0.393642476375091
0.00696631936031019
0.393642476375091
0.01871819723770297
0.393642476375091
0.02459413617639936
0.393642476375091
0.03634601405379214
0.393642476375091
0.04809789193118492
0.3877665374363946
0.059849769808577695
0.3877665374363946
0.07160164768597048
0.3877665374363946
0.07747758662466686
0.38189059849769824
0.08922946450205964
0.38189059849769824
0.10098134237945242
0.3760146595590018
0.11273322025684519
0.3760146595590018
0.11860915919554159
0.37013872062030545
0.13036103707293437
0.37013872062030545
0.13623697601163076
0.364262781681609
0.14798885388902353
0.35838684274291266
0.15974073176641632
0.3525109038042163
0.1714926096438091
0.3525109038042163
0.18324448752120187
0.34663496486551987
0.18912042645989827
0.3407590259268235
0.20087230433729103
0.33488308698812713
0.21262418221468382
0.3290071480494307
0.21850012115338022
0.32313120911073434
0.23025199903077298
0.3172552701720379
0.24200387690816577
0.3172552701720379
0.24787981584686217
0.31137933123334155
0.25375575478555856
0.3055033922946452
0.2655076326629513
0.29962745335594876
0.2713835716016477
0.28787557547855597
0.2772595105403441
0.28787557547855597
0.2831354494790405
0.2819996365398596
0.2890113884177369
0.2702477586624668
0.29488732735643325
0.26437181972377044
0.30076326629512967
0.25261994184637765
0.30663920523382604
0.24674400290768125
0.30663920523382604
0.24086806396898489
0.31251514417252246
0.2291161860915921
0.31839108311121883
0.21736430821419933
0.3242670220499152
0.20561243033680654
0.3242670220499152
0.19386055245941375
0.3301429609886116
0.18798461352071738
0.3301429609886116
0.1762327356433246
0.336018899927308
0.16448085776593183
0.336018899927308
0.15272897988853903
0.336018899927308
0.14097710201114624
0.336018899927308
0.12922522413375348
0.3418948388660044
0.1174733462563607
0.336018899927308
0.10572146837896793
0.336018899927308
0.09396959050157515
0.336018899927308
0.08809365156287875
0.336018899927308
0.08221771262418236
0.336018899927308
0.07046583474678958
0.336018899927308
0.0587139568693968
0.336018899927308
0.046962078992004025
0.336018899927308
0.03521020111461125
0.336018899927308
0.02933426217591486
0.336018899927308
0.017582384298522078
0.336018899927308
0.005830506421129301
0.336018899927308
-4.5432517567088615E-5
0.336018899927308
-0.011797310394959867
0.3301429609886116
-0.017673249333656257
0.3301429609886116
-0.023549188272352646
0.3301429609886116
-0.029425127211049035
0.3301429609886116
-0.03530106614974542
0.3242670220499152
-0.04117700508844181
0.3242670220499152
-0.052928882965834596
0.31839108311121883
-0.06468076084322737
0.31251514417252246
-0.07055669978192376
0.30663920523382604
-0.08230857765931654
0.30076326629512967
-0.08818451659801294
0.29488732735643325
-0.09406045553670932
0.29488732735643325
-0.09993639447540571
0.2890113884177369
-0.1058123334141021
0.2831354494790405
-0.11168827235279849
0.2831354494790405
-0.11756421129149487
0.2772595105403441
-0.12344015023019127
0.2713835716016477
-0.12344015023019127
0.2655076326629513
-0.12931608916888765
0.25963169372425493
-0.13519202810758404
0.25375575478555856
-0.14106796704628044
0.24787981584686217
-0.14694390598497684
0.24200387690816577
-0.14694390598497684
0.23612793796946938
-0.1528198449236732
0.23612793796946938
-0.1528198449236732
0.23025199903077298
-0.1528198449236732
0.22437606009207658
-0.1586957838623696
0.22437606009207658
-0.1586957838623696
0.21850012115338022
0
1
0
0
