-0.30270472000157134
1.0
-0.30270472000157134
0.987900453732985
-0.30270472000157134
0.9818506805994776
-0.30270472000157134
0.9697511343324625
-0.30270472000157134
0.9576515880654476
-0.30270472000157134
0.9455520417984326
-0.30270472000157134
0.9274027223979101
-0.30270472000157134
0.9213529492644026
-0.30270472000157134
0.9092534029973875
-0.30270472000157134
0.8911040835968651
-0.30875449313507886
0.8790045373298501
-0.30875449313507886
0.8608552179293276
-0.30875449313507886
0.8487556716623127
-0.30875449313507886
0.8366561253952977
-0.30875449313507886
0.8245565791282827
-0.30875449313507886
0.8064072597277602
-0.30875449313507886
0.7882579403272377
-0.30875449313507886
0.7761583940602227
-0.30875449313507886
0.7580090746597002
-0.30875449313507886
0.7519593015261927
-0.30875449313507886
0.7338099821256703
-0.30875449313507886
0.7217104358586552
-0.30875449313507886
0.7035611164581328
-0.30875449313507886
0.6914615701911178
-0.30875449313507886
0.6793620239241028
-0.30875449313507886
0.6612127045235804
-0.30875449313507886
0.6430633851230578
-0.30270472000157134
0.6249140657225354
-0.30270472000157134
0.6067647463220129
-0.30270472000157134
0.5886154269214904
-0.30270472000157134
0.5765158806544755
-0.30270472000157134
0.5583665612539529
-0.2966549468680639
0.5402172418534305
-0.2966549468680639
0.522067922452908
-0.2966549468680639
0.5039186030523854
-0.29060517373455635
0.497868829918878
-0.29060517373455635
0.47971951051835554
-0.29060517373455635
0.4555204179843255
-0.29060517373455635
0.43132132545029556
-0.28455540060104884
0.4131720060497731
-0.28455540060104884
0.3889729135157431
-0.28455540060104884
0.3829231403822356
-0.2785056274675414
0.35872404784820566
-0.2785056274675414
0.34057472844768316
-0.27245585433403385
0.3163756359136532
-0.27245585433403385
0.2982263165131307
-0.2785056274675414
0.2861267702461157
-0.27245585433403385
0.2679774508455932
-0.27245585433403385
0.24377835831156325
-0.2664060812005264
0.21957926577753328
-0.2664060812005264
0.2014299463770108
-0.2664060812005264
0.17723085384298082
-0.26035630806701887
0.17118108070947333
-0.26035630806701887
0.14698198817544336
-0.2543065349335114
0.12883266877492086
-0.2482567618000039
0.11068334937439839
-0.2482567618000039
0.08648425684036841
-0.2482567618000039
0.06833493743984594
-0.2422069886664964
0.06228516430633844
-0.2422069886664964
0.04413584490581596
-0.2361572155329889
0.025986525505293477
-0.23010744239948142
0.007837206104770993
-0.23010744239948142
-0.010312113295751489
-0.23010744239948142
-0.01636188642925898
-0.22405766926597392
-0.03451120582978146
-0.22405766926597392
-0.05266052523030395
-0.21800789613246643
-0.06476007149731894
-0.21195812299895894
-0.08290939089784141
-0.21195812299895894
-0.1010587102983639
-0.21195812299895894
-0.10710848343187139
-0.20590834986545145
-0.12525780283239388
-0.20590834986545145
-0.13735734909940886
-0.19985857673194396
-0.15550666849993133
-0.19985857673194396
-0.16760621476694634
-0.19380880359843644
-0.17365598790045383
-0.19380880359843644
-0.1918053073009763
-0.18775903046492895
-0.2039048535679913
-0.18775903046492895
-0.22205417296851376
-0.18170925733142146
-0.23415371923552877
-0.17565948419791397
-0.25230303863605125
-0.16960971106440648
-0.25835281176955877
-0.16960971106440648
-0.2765021311700812
-0.1575101647973915
-0.2946514505706037
-0.151460391663884
-0.31280076997112616
-0.1454106185303765
-0.3369998625051562
-0.1454106185303765
-0.34304963563866364
-0.13936084539686902
-0.36119895503918614
-0.127261299129854
-0.37934827443970864
-0.12121152599634652
-0.3974975938402311
-0.11516175286283903
-0.40959714010724607
-0.10911197972933154
-0.42169668637426105
-0.10306220659582405
-0.4277464595077686
-0.10306220659582405
-0.43984600577478355
-0.09701243346231656
-0.45194555204179854
-0.09096266032880905
-0.4640450983088135
-0.08491288719530156
-0.4761446445758285
-0.07886311406179407
-0.482194417709336
-0.07886311406179407
-0.4882441908428435
-0.07281334092828658
-0.5003437371098585
-0.06676356779477909
-0.5124432833768735
-0.06071379466127159
-0.518493056510381
-0.05466402152776409
-0.5245428296438884
-0.0486142483942566
-0.530592602777396
-0.04256447526074911
-0.5366423759109035
-0.03651470212724161
-0.5487419221779184
-0.030464928993734118
-0.5547916953114259
-0.01836538272671913
-0.566891241578441
-0.006265836459704141
-0.5729410147119485
-2.160633261966471E-4
-0.5789907878454559
0.01188348294081834
-0.5850405609789634
0.017933256074325835
-0.5910903341124709
0.03003280234134082
-0.5971401072459784
0.04213234860835581
-0.5971401072459784
0.0542318948753708
-0.6031898803794858
0.06633144114238579
-0.6031898803794858
0.07238121427589328
-0.6031898803794858
0.08448076054290826
-0.6031898803794858
0.09658030680992326
-0.5971401072459784
0.10263007994343075
-0.5971401072459784
0.11472962621044573
-0.5971401072459784
0.12077939934395324
-0.5971401072459784
0.12682917247746073
-0.5910903341124709
0.1389287187444757
-0.5910903341124709
0.1449784918779832
-0.5850405609789634
0.1510282650114907
-0.5789907878454559
0.1631278112785057
-0.5729410147119485
0.1691775844120132
-0.5608414684449334
0.18127713067902818
-0.5547916953114259
0.18732690381253567
-0.542692149044411
0.19337667694604316
-0.5366423759109035
0.19337667694604316
-0.5245428296438884
0.19942645007955065
-0.518493056510381
0.19942645007955065
-0.5124432833768735
0.20547622321305814
-0.5003437371098585
0.20547622321305814
-0.4882441908428435
0.20547622321305814
-0.4761446445758285
0.19942645007955065
-0.4640450983088135
0.19942645007955065
-0.45194555204179854
0.19337667694604316
-0.43984600577478355
0.18732690381253567
-0.4277464595077686
0.18732690381253567
-0.4156469132407536
0.18127713067902818
-0.40959714010724607
0.17522735754552068
-0.4035473669737386
0.1691775844120132
-0.3914478207067236
0.1631278112785057
-0.3732985013062011
0.15707803814499818
-0.3672487281726936
0.1510282650114907
-0.3551491819056786
0.1449784918779832
-0.34909940877217116
0.1389287187444757
-0.3369998625051562
0.13287894561096822
-0.3249003162381412
0.12682917247746073
-0.31280076997112616
0.12077939934395324
-0.3067509968376187
0.11472962621044573
-0.3007012237041112
0.10867985307693824
-0.2946514505706037
0.10263007994343075
-0.28255190430358873
0.09658030680992326
-0.2765021311700812
0.09053053367641577
-0.27045235803657375
0.08448076054290826
-0.26440258490306623
0.07843098740940077
-0.25835281176955877
0.07238121427589328
-0.25230303863605125
0.06633144114238579
-0.24625326550254376
0.06028166800887829
-0.24020349236903626
0.0542318948753708
-0.24020349236903626
0.0481821217418633
-0.23415371923552877
0.04213234860835581
-0.23415371923552877
0.03608257547484832
-0.22810394610202128
0.02398302920783333
-0.22205417296851376
0.017933256074325835
-0.21600439983500627
0.01188348294081834
-0.21600439983500627
-2.160633261966471E-4
-0.20995462670149878
-0.006265836459704141
-0.20995462670149878
-0.012315609593211634
-0.2039048535679913
-0.01836538272671913
-0.2039048535679913
-0.024415155860226623
-0.2039048535679913
-0.030464928993734118
-0.1978550804344838
-0.03651470212724161
-0.1978550804344838
-0.04256447526074911
-0.1978550804344838
-0.0486142483942566
-0.1978550804344838
-0.05466402152776409
-0.1978550804344838
-0.04256447526074911
-0.1978550804344838
-0.030464928993734118
-0.2039048535679913
-0.024415155860226623
-0.2039048535679913
-0.012315609593211634
-0.20995462670149878
-0.006265836459704141
-0.21600439983500627
0.005833709807310847
-0.21600439983500627
0.01188348294081834
-0.21600439983500627
0.017933256074325835
-0.21600439983500627
0.03003280234134082
-0.22205417296851376
0.04213234860835581
-0.22205417296851376
0.0542318948753708
-0.22205417296851376
0.06633144114238579
-0.22810394610202128
0.07843098740940077
-0.22810394610202128
0.09053053367641577
-0.22810394610202128
0.10263007994343075
-0.22810394610202128
0.11472962621044573
-0.22810394610202128
0.12077939934395324
-0.22810394610202128
0.12682917247746073
-0.22810394610202128
0.1389287187444757
-0.22810394610202128
0.1510282650114907
-0.22810394610202128
0.15707803814499818
-0.22205417296851376
0.1631278112785057
-0.22205417296851376
0.17522735754552068
-0.22205417296851376
0.18127713067902818
-0.21600439983500627
0.19337667694604316
-0.21600439983500627
0.20547622321305814
-0.20995462670149878
0.21152599634656563
-0.20995462670149878
0.21757576948007312
-0.2039048535679913
0.22967531574708813
-0.2039048535679913
0.23572508888059562
-0.1978550804344838
0.24177486201410311
-0.1918053073009763
0.2538744082811181
-0.1918053073009763
0.2538744082811181
-0.18575553416746882
0.2599241814146256
-0.17970576103396133
0.2659739545481331
-0.17365598790045383
0.27202372768164057
-0.16760621476694634
0.2780735008151481
-0.16155644163343882
0.28412327394865555
-0.14945689536642384
0.29017304708216307
-0.14945689536642384
0.29622282021567053
-0.13735734909940886
0.30227259334917805
-0.12525780283239388
0.30227259334917805
-0.11920802969888637
0.3083223664826855
-0.10710848343187139
0.3083223664826855
-0.1010587102983639
0.31437213961619304
-0.09500893716485641
0.32042191274970055
-0.08290939089784141
0.326471685883208
-0.07685961776433392
0.326471685883208
-0.06476007149731894
0.33252145901671554
-0.05266052523030395
0.33252145901671554
-0.04056097896328896
0.338571232150223
-0.02846143269627397
0.338571232150223
-0.022411659562766476
0.338571232150223
-0.010312113295751489
0.338571232150223
0.0017874329712634996
0.338571232150223
0.007837206104770993
0.338571232150223
0.025986525505293477
0.338571232150223
0.038086071772308466
0.33252145901671554
0.05018561803932345
0.326471685883208
0.06228516430633844
0.326471685883208
0.06833493743984594
0.326471685883208
0.08043448370686092
0.32042191274970055
0.09253402997387591
0.31437213961619304
0.1046335762408909
0.3083223664826855
0.11673312250790588
0.3083223664826855
0.12278289564141338
0.30227259334917805
0.13488244190842838
0.29622282021567053
0.14093221504193587
0.29017304708216307
0.15303176130895085
0.29017304708216307
0.16513130757596584
0.28412327394865555
0.17118108070947333
0.28412327394865555
0.17723085384298082
0.2780735008151481
0.1893304001099958
0.27202372768164057
0.2014299463770108
0.2659739545481331
0.2135294926440258
0.2599241814146256
0.21957926577753328
0.2538744082811181
0.22562903891104077
0.2478246351476106
0.23772858517805576
0.24177486201410311
0.24377835831156325
0.23572508888059562
0.25587790457857823
0.22362554261358064
0.26192767771208575
0.21757576948007312
0.26192767771208575
0.21152599634656563
0.27402722397910073
0.20547622321305814
0.2800769971126082
0.19337667694604316
0.2861267702461157
0.18127713067902818
0.29217654337962323
0.17522735754552068
0.2982263165131307
0.1691775844120132
0.2982263165131307
0.15707803814499818
0.3042760896466382
0.1449784918779832
0.3103258627801457
0.12682917247746073
0.3163756359136532
0.11472962621044573
0.32242540904716066
0.10867985307693824
0.32242540904716066
0.09658030680992326
0.3284751821806682
0.08448076054290826
0.3284751821806682
0.07238121427589328
0.3284751821806682
0.06028166800887829
0.3284751821806682
0.0542318948753708
0.3284751821806682
0.0481821217418633
0.33452495531417564
0.03608257547484832
0.33452495531417564
0.02398302920783333
0.33452495531417564
0.01188348294081834
0.33452495531417564
-2.160633261966471E-4
0.33452495531417564
-0.006265836459704141
0.33452495531417564
-0.01836538272671913
0.33452495531417564
-0.030464928993734118
0.33452495531417564
-0.03651470212724161
0.3284751821806682
-0.0486142483942566
0.3284751821806682
-0.06071379466127159
0.32242540904716066
-0.07281334092828658
0.32242540904716066
-0.08491288719530156
0.32242540904716066
-0.09096266032880905
0.3163756359136532
-0.10306220659582405
0.3103258627801457
-0.10911197972933154
0.3103258627801457
-0.11516175286283903
0.3042760896466382
-0.12121152599634652
0.3042760896466382
-0.127261299129854
0.2982263165131307
-0.1333110722633615
0.29217654337962323
-0.13936084539686902
0.29217654337962323
-0.1454106185303765
0.2861267702461157
-0.1454106185303765
0.2800769971126082
-0.151460391663884
0.2800769971126082
-0.1575101647973915
0.27402722397910073
-0.1575101647973915
0.26192767771208575
-0.16355993793089899
0.26192767771208575
-0.16355993793089899
0.25587790457857823
-0.16355993793089899
0.24982813144507074
-0.16960971106440648
0.24982813144507074
-0.16960971106440648
0.24377835831156325
-0.17565948419791397
0.23772858517805576
0
1
0
0
