-0.576170130122354
1.0
-0.5831035152456788
1.0
-0.576170130122354
0.9861332297533502
-0.576170130122354
0.9722664595067003
-0.569236744999029
0.9583996892600505
-0.569236744999029
0.9445329190134006
-0.569236744999029
0.9237327636434259
-0.5623033598757041
0.9098659933967761
-0.5623033598757041
0.9029326082734511
-0.5553699747523791
0.8821324529034764
-0.5553699747523791
0.8682656826568266
-0.5553699747523791
0.8474655272868519
-0.5484365896290543
0.8266653719168771
-0.5484365896290543
0.8197319867935522
-0.5415032045057293
0.7989318314235774
-0.5415032045057293
0.7781316760536027
-0.5345698193824044
0.750398135560303
-0.5276364342590795
0.7295979801903282
-0.5276364342590795
0.7087978248203535
-0.5207030491357546
0.6949310545737036
-0.5207030491357546
0.6741308992037289
-0.5137696640124296
0.6533307438337541
-0.5068362788891048
0.6325305884637794
-0.5068362788891048
0.6047970479704797
-0.49990289376577984
0.583996892600505
-0.49990289376577984
0.5701301223538552
-0.4929695086424549
0.5423965818605555
-0.48603612351913
0.5146630413672558
-0.4791027383958051
0.49386288599728106
-0.4791027383958051
0.4661293455039814
-0.47216935327248016
0.45226257525733154
-0.46523596814915524
0.42452903476403187
-0.4583025830258303
0.3967954942707322
-0.4513691979025054
0.36906195377743256
-0.4444358127791805
0.3413284132841329
-0.43750242765585556
0.3135948727908332
-0.43056904253253064
0.29972810254418336
-0.4236356574092057
0.26506117692755876
-0.4167022722858808
0.2373276364342591
-0.40976888716255594
0.20959409594095946
-0.402835502039231
0.17492717032433486
-0.3959021169159061
0.14719362983103518
-0.3889687317925812
0.13332685958438537
-0.38203534666925626
0.10559331909108569
-0.3681685764226064
0.0709263934744611
-0.3612351912992815
0.043192852981161434
-0.3543018061759566
0.015459312487861764
-0.34736842105263166
0.008525927364536846
-0.34043503592930674
-0.01920761312876282
-0.3335016508059818
-0.04694115362206249
-0.319634880559332
-0.07467469411536216
-0.31270149543600706
-0.10240823460866183
-0.30576811031268214
-0.1301417751019615
-0.2988347251893572
-0.14400854534861132
-0.2919013400660323
-0.16480870071858608
-0.2780345698193825
-0.19254224121188576
-0.2711011846960576
-0.2133423965818605
-0.2641677995727327
-0.23414255195183525
-0.25723441444940776
-0.25494270732181
-0.25030102932608284
-0.26880947756845985
-0.24336764420275792
-0.2896096329384346
-0.236434259079433
-0.3104097883084093
-0.22256748883278316
-0.3312099436783841
-0.21563410370945824
-0.35201009904835884
-0.20870071858613332
-0.3658768692950087
-0.19483394833948348
-0.38667702466498344
-0.18790056321615856
-0.4005437949116333
-0.18096717809283364
-0.42134395028160804
-0.16710040784618382
-0.44214410565158274
-0.1601670227228589
-0.4629442610215575
-0.15323363759953398
-0.47681103126820734
-0.13936686735288414
-0.4906778015148572
-0.13243348222955922
-0.5114779568848319
-0.1185667119829094
-0.5322781122548067
-0.11163332685958448
-0.5530782676247814
-0.10469994173625956
-0.5669450378714312
-0.09083317148960972
-0.5877451932414061
-0.07696640124295989
-0.6016119634880559
-0.06309963099631005
-0.6224121188580306
-0.04923286074966022
-0.6362788891046804
-0.035366090503010386
-0.6501456593513303
-0.02843270537968547
-0.6570790444746551
-0.014565935133035637
-0.670945814721305
-6.991648863858019E-4
-0.6848125849679548
0.013167605360264033
-0.6986793552146047
0.027034375606913866
-0.7125461254612545
0.0409011458535637
-0.7264128957079043
0.04783453097688862
-0.7333462808312293
0.06170130122353845
-0.7402796659545542
0.07556807147018829
-0.754146436201204
0.08943484171683812
-0.761079821324529
0.10330161196348796
-0.7680132064478539
0.11023499708681288
-0.7749465915711788
0.1241017673334627
-0.7818799766945037
0.13103515245678762
-0.7818799766945037
0.14490192270343746
-0.7888133618178286
0.15183530782676238
-0.7888133618178286
0.16570207807341222
-0.7888133618178286
0.17956884832006204
-0.7888133618178286
0.19343561856671188
-0.7818799766945037
0.2003690036900368
-0.7749465915711788
0.20730238881336172
-0.7680132064478539
0.22116915906001156
-0.754146436201204
0.22810254418333648
-0.7472130510778792
0.23503592930666137
-0.7333462808312293
0.2419693144299863
-0.7194795105845795
0.2489026995533112
-0.7056127403379296
0.2489026995533112
-0.6986793552146047
0.2489026995533112
-0.6848125849679548
0.2489026995533112
-0.670945814721305
0.2489026995533112
-0.6570790444746551
0.2489026995533112
-0.6501456593513303
0.2489026995533112
-0.6432122742280054
0.2489026995533112
-0.6293455039813556
0.2419693144299863
-0.6154787337347057
0.2419693144299863
-0.6016119634880559
0.2419693144299863
-0.5877451932414061
0.23503592930666137
-0.5808118081180811
0.23503592930666137
-0.5738784229947562
0.22810254418333648
-0.5600116527481064
0.22810254418333648
-0.5461448825014565
0.21423577393668664
-0.5322781122548067
0.20730238881336172
-0.5184113420081569
0.2003690036900368
-0.5114779568848319
0.2003690036900368
-0.504544571761507
0.19343561856671188
-0.4906778015148572
0.18650223344338696
-0.48374441639153226
0.17956884832006204
-0.4698776461448824
0.17263546319673712
-0.4629442610215575
0.16570207807341222
-0.4560108758982326
0.1587686929500873
-0.44907749077490766
0.15183530782676238
-0.44214410565158274
0.14490192270343746
-0.42827733540493296
0.13103515245678762
-0.42827733540493296
0.1241017673334627
-0.4144105651582831
0.11716838221013778
-0.4144105651582831
0.11023499708681288
-0.4005437949116333
0.10330161196348796
-0.39361040978830836
0.08943484171683812
-0.38667702466498344
0.0825014565935132
-0.3797436395416585
0.07556807147018829
-0.3728102544183336
0.06863468634686337
-0.3658768692950087
0.05476791610021354
-0.35894348417168376
0.0409011458535637
-0.35201009904835884
0.027034375606913866
-0.338143328801709
0.02010099048358895
-0.338143328801709
0.013167605360264033
-0.3312099436783841
0.006234220236939115
-0.32427655855505916
-0.007632550009710719
-0.32427655855505916
-0.014565935133035637
-0.31734317343173424
-0.021499320256360553
-0.31734317343173424
-0.02843270537968547
-0.3104097883084093
-0.035366090503010386
-0.3104097883084093
-0.042299475626335306
-0.3104097883084093
-0.04923286074966022
-0.3034764031850844
-0.05616624587298514
-0.3034764031850844
-0.04923286074966022
-0.3034764031850844
-0.035366090503010386
-0.3104097883084093
-0.02843270537968547
-0.3104097883084093
-0.021499320256360553
-0.31734317343173424
-0.014565935133035637
-0.31734317343173424
-0.007632550009710719
-0.32427655855505916
-6.991648863858019E-4
-0.32427655855505916
0.006234220236939115
-0.32427655855505916
0.02010099048358895
-0.3312099436783841
0.033967760730238786
-0.3312099436783841
0.04783453097688862
-0.3312099436783841
0.06170130122353845
-0.3312099436783841
0.07556807147018829
-0.3312099436783841
0.08943484171683812
-0.338143328801709
0.09636822684016304
-0.338143328801709
0.11023499708681288
-0.338143328801709
0.11716838221013778
-0.338143328801709
0.1241017673334627
-0.338143328801709
0.13796853758011254
-0.338143328801709
0.15183530782676238
-0.338143328801709
0.1587686929500873
-0.338143328801709
0.17263546319673712
-0.338143328801709
0.18650223344338696
-0.338143328801709
0.2003690036900368
-0.338143328801709
0.20730238881336172
-0.338143328801709
0.22116915906001156
-0.338143328801709
0.22810254418333648
-0.338143328801709
0.23503592930666137
-0.338143328801709
0.2419693144299863
-0.3312099436783841
0.25583608467663616
-0.3312099436783841
0.26970285492328594
-0.32427655855505916
0.27663624004661086
-0.32427655855505916
0.2905030102932607
-0.31734317343173424
0.2974363954165856
-0.31734317343173424
0.31130316566323546
-0.3104097883084093
0.3182365507865604
-0.3034764031850844
0.3321033210332102
-0.29654301806175953
0.33903670615653514
-0.29654301806175953
0.34597009127986006
-0.2896096329384346
0.352903476403185
-0.2826762478151097
0.3598368615265099
-0.2757428626917848
0.3667702466498348
-0.26880947756845985
0.37370363177315974
-0.26187609244513493
0.38063701689648466
-0.25494270732181
0.3875704020198096
-0.25494270732181
0.3945037871431345
-0.2480093221984851
0.3945037871431345
-0.23414255195183525
0.4014371722664594
-0.22720916682851033
0.4083705573897843
-0.22027578170518541
0.4083705573897843
-0.2133423965818605
0.4153039425131092
-0.20640901145853557
0.4222373276364341
-0.19254224121188576
0.42917071275975904
-0.18560885608856084
0.42917071275975904
-0.171742085841911
0.43610409788308396
-0.16480870071858608
0.43610409788308396
-0.15787531559526116
0.4430374830064089
-0.14400854534861132
0.4430374830064089
-0.1301417751019615
0.4430374830064089
-0.11627500485531166
0.4499708681297338
-0.10240823460866183
0.4430374830064089
-0.09547484948533691
0.4499708681297338
-0.08160807923868707
0.4499708681297338
-0.06774130899203724
0.4499708681297338
-0.05387453874538741
0.4499708681297338
-0.04694115362206249
0.4499708681297338
-0.03307438337541266
0.4499708681297338
-0.026140998252087738
0.4569042532530587
-0.012274228005437905
0.4569042532530587
0.0015925422412119293
0.4499708681297338
0.008525927364536846
0.4499708681297338
0.029326082734511597
0.4499708681297338
0.036259467857836514
0.4499708681297338
0.05012623810448635
0.4499708681297338
0.06399300835113618
0.4430374830064089
0.07785977859778602
0.4430374830064089
0.09172654884443585
0.43610409788308396
0.09865993396776077
0.43610409788308396
0.1125267042144106
0.43610409788308396
0.12639347446106045
0.42917071275975904
0.14026024470771029
0.4222373276364341
0.1541270149543601
0.4222373276364341
0.16106040007768502
0.4153039425131092
0.16799378520100994
0.4153039425131092
0.18186055544765978
0.4083705573897843
0.19572732569430962
0.4014371722664594
0.20959409594095946
0.3945037871431345
0.21652748106428435
0.3875704020198096
0.22346086618760927
0.3875704020198096
0.2373276364342591
0.38063701689648466
0.2511944066809089
0.37370363177315974
0.25812779180423384
0.3667702466498348
0.2719945620508837
0.3598368615265099
0.2789279471742086
0.352903476403185
0.2858613322975335
0.34597009127986006
0.29972810254418336
0.3321033210332102
0.3066614876675083
0.3251699359098853
0.3205282579141581
0.31130316566323546
0.32746164303748304
0.30436978053991054
0.33439502816080796
0.2974363954165856
0.3482617984074578
0.2835696251699358
0.3551951835307827
0.26970285492328594
0.36906195377743256
0.2627694697999611
0.3759953389007575
0.25583608467663616
0.3759953389007575
0.2489026995533112
0.38986210914740727
0.2419693144299863
0.38986210914740727
0.22810254418333648
0.3967954942707322
0.22116915906001156
0.4037288793940571
0.21423577393668664
0.410662264517382
0.2003690036900368
0.41759564964070695
0.19343561856671188
0.42452903476403187
0.18650223344338696
0.42452903476403187
0.17263546319673712
0.4314624198873568
0.16570207807341222
0.4314624198873568
0.1587686929500873
0.4314624198873568
0.14490192270343746
0.4383958050106817
0.13796853758011254
0.4383958050106817
0.1241017673334627
0.4453291901340066
0.11023499708681288
0.4453291901340066
0.11023499708681288
0.45226257525733154
0.09636822684016304
0.45226257525733154
0.0825014565935132
0.45919596038065646
0.07556807147018829
0.45919596038065646
0.06170130122353845
0.4661293455039814
0.05476791610021354
0.4661293455039814
0.04783453097688862
0.4661293455039814
0.033967760730238786
0.4730627306273063
0.027034375606913866
0.4730627306273063
0.013167605360264033
0.4730627306273063
0.006234220236939115
0.4730627306273063
-6.991648863858019E-4
0.4730627306273063
-0.007632550009710719
0.4730627306273063
-0.021499320256360553
0.4661293455039814
-0.02843270537968547
0.4661293455039814
-0.035366090503010386
0.4661293455039814
-0.042299475626335306
0.4661293455039814
-0.04923286074966022
0.4661293455039814
-0.06309963099631005
0.45919596038065646
-0.07003301611963497
0.45919596038065646
-0.07696640124295989
0.45919596038065646
-0.08389978636628481
0.45919596038065646
-0.09083317148960972
0.45919596038065646
-0.09776655661293464
0.45226257525733154
-0.10469994173625956
0.45226257525733154
-0.11163332685958448
0.45226257525733154
-0.1185667119829094
0.4453291901340066
-0.1255000971062343
0.4453291901340066
-0.13243348222955922
0.4453291901340066
-0.13936686735288414
0.4383958050106817
-0.14630025247620906
0.4383958050106817
-0.15323363759953398
0.4314624198873568
-0.1601670227228589
0.4314624198873568
-0.16710040784618382
0.4314624198873568
-0.17403379296950874
0.42452903476403187
-0.18096717809283364
0.42452903476403187
-0.18790056321615856
0.41759564964070695
-0.19483394833948348
0.41759564964070695
-0.2017673334628084
0.410662264517382
-0.20870071858613332
0.4037288793940571
-0.21563410370945824
0.3967954942707322
-0.22256748883278316
0.3967954942707322
-0.22256748883278316
0.38986210914740727
-0.22950087395610808
0.38292872402408235
-0.236434259079433
0.38292872402408235
-0.236434259079433
0.3759953389007575
-0.236434259079433
0.36906195377743256
-0.24336764420275792
0.36906195377743256
-0.25030102932608284
0.36212856865410764
-0.25030102932608284
0.3551951835307827
-0.25723441444940776
0.3482617984074578
-0.25723441444940776
0.3413284132841329
-0.2641677995727327
0.3413284132841329
-0.2641677995727327
0.33439502816080796
-0.2641677995727327
0.32746164303748304
-0.2711011846960576
0.32746164303748304
-0.2711011846960576
0.3205282579141581
-0.2711011846960576
0.3135948727908332
-0.2780345698193825
0.3066614876675083
-0.2780345698193825
0.29972810254418336
-0.2780345698193825
0.29279471742085844
-0.2849679549427074
0.29279471742085844
-0.2849679549427074
0.2858613322975335
-0.2849679549427074
0.2789279471742086
-0.2849679549427074
0.2719945620508837
-0.2919013400660323
0.2719945620508837
-0.2849679549427074
0.2719945620508837
-0.2919013400660323
0.2719945620508837
-0.2919013400660323
0.26506117692755876
-0.2919013400660323
0.25812779180423384
-0.2919013400660323
0.2511944066809089
-0.2988347251893572
0.2511944066809089
-0.2988347251893572
0.24426102155758403
-0.2988347251893572
0.2373276364342591
-0.2988347251893572
0.2303942513109342
-0.2988347251893572
0.22346086618760927
-0.2988347251893572
0.21652748106428435
-0.2849679549427074
0.20959409594095946
-0.2919013400660323
0.20266071081763454
-0.2919013400660323
0.19572732569430962
-0.2919013400660323
0.1887939405709847
-0.2988347251893572
0.1887939405709847
0
1
0
0
