-0.702286496726877
1.0
-0.696134151145124
0.9815429632547409
-0.689981805563371
0.9569335809277287
-0.6838294599816179
0.9384765441824696
-0.6715247688181119
0.9200195074372104
-0.6715247688181119
0.9077148162737043
-0.6653724232363588
0.8892577795284452
-0.6592200776546057
0.8708007427831861
-0.6530677320728526
0.852343706037927
-0.6469153864910996
0.8338866692926679
-0.6407630409093465
0.8154296325474087
-0.6346106953275935
0.8031249413839026
-0.6284583497458405
0.7846679046386434
-0.6223060041640874
0.7662108678933843
-0.6161536585823344
0.7477538311481252
-0.6038489674188283
0.7231444488211131
-0.6038489674188283
0.710839757657607
-0.5976966218370753
0.6923827209123479
-0.5853919306735692
0.6739256841670886
-0.5792395850918162
0.6493163018400765
-0.5669348939283101
0.6247069195130643
-0.560782548346557
0.6062498827678052
-0.554630202764804
0.5939451916042991
-0.5423255116012979
0.569335809277287
-0.5300208204377918
0.5447264269502747
-0.5238684748560387
0.5262693902050156
-0.5115637836925326
0.5016600078780035
-0.49925909252902656
0.48320297113274435
-0.4931067469472735
0.4708982799692382
-0.4869544013655205
0.44628889764222607
-0.4746497102020144
0.42783186089696695
-0.46234501903850833
0.40322247856995475
-0.4561926734567553
0.38476544182469563
-0.45004032787500226
0.37246075066118955
-0.44388798229324916
0.35400371391593044
-0.4315832911297431
0.32939433158891823
-0.42543094554799005
0.3109372948436591
-0.41312625438448397
0.2924802580984
-0.40697390880273093
0.27402322135314083
-0.4008215632209779
0.26171853018963476
-0.3885168720574718
0.24326149344437564
-0.3823645264757187
0.2248044566991165
-0.37005983531221265
0.20019507437210432
-0.3639074897304596
0.17558569204509214
-0.35775514414870657
0.15712865529983303
-0.35160279856695353
0.14482396413632692
-0.3454504529852005
0.1263669273910678
-0.3331457618216944
0.10790989064580868
-0.3208410706581883
0.08945285390054954
-0.31468872507643525
0.06484347157353737
-0.3023840339129292
0.058691125991784325
-0.29623168833117614
0.03408174366477215
-0.28392699716767006
0.015624706919513018
-0.277774651585917
-0.0028323298257461127
-0.26546996042241094
-0.021289366571005244
-0.2531652692589048
-0.039746403316264375
-0.2531652692589048
-0.04589874889801742
-0.24086057809539874
-0.06435578564327656
-0.22855588693189266
-0.08281282238853568
-0.21625119576838658
-0.10126985913379481
-0.21009885018663352
-0.12587924146080698
-0.19779415902312744
-0.14433627820606612
-0.1916418134413744
-0.1566409693695722
-0.1793371222778683
-0.17509800611483134
-0.16703243111436222
-0.19970738844184352
-0.15472773995085615
-0.21816442518710263
-0.14242304878735004
-0.23662146193236178
-0.14242304878735004
-0.24892615309586785
-0.13011835762384397
-0.26738318984112697
-0.11166132087858482
-0.28584022658638614
-0.09935662971507875
-0.30429726333164525
-0.08705193855157266
-0.32275430007690437
-0.07474724738806657
-0.34121133682216354
-0.06859490180631353
-0.3535160279856696
-0.05629021064280744
-0.3719730647309287
-0.04398551947930135
-0.39043010147618784
-0.03168082831579526
-0.402734792639694
-0.025528482734042218
-0.4211918293849531
-0.019376137152289176
-0.43349652054845916
-0.01322379157053613
-0.4396488661302122
-0.0070714459887830875
-0.4519535572937183
0.005233245174723
-0.4642582484572244
0.011385590756476044
-0.4765629396207305
0.017537936338229088
-0.4827152852024835
0.017537936338229088
-0.48886763078423656
0.029842627501735174
-0.5011723219477426
0.035994973083488216
-0.5134770131112487
0.04214731866524126
-0.5257817042747548
0.048299664246994306
-0.5319340498565078
0.06060435541050039
-0.5442387410200139
0.06675670099225343
-0.5503910866017669
0.07290904657400649
-0.5626957777652731
0.07906139215575952
-0.5688481233470262
0.08521373773751256
-0.5811528145105322
0.09751842890101865
-0.5873051600922853
0.1036707744827717
-0.5996098512557914
0.10982312006452474
-0.5996098512557914
0.11597546564627778
-0.6057621968375444
0.12828015680978389
-0.6119145424192974
0.13443250239153692
-0.6180668880010505
0.146737193555043
-0.6242192335828035
0.15288953913679604
-0.6242192335828035
0.16519423030030214
-0.6303715791645566
0.17749892146380822
-0.6365239247463096
0.18980361262731432
-0.6426762703280626
0.2021083037908204
-0.6488286159098157
0.20826064937257344
-0.6488286159098157
0.21441299495432647
-0.6549809614915687
0.22671768611783258
-0.6549809614915687
0.23287003169958562
-0.6549809614915687
0.2451747228630917
-0.6611333070733217
0.25132706844484476
-0.6611333070733217
0.2574794140265978
-0.6611333070733217
0.2697841051901039
-0.6611333070733217
0.28208879635360995
-0.6549809614915687
0.288241141935363
-0.6549809614915687
0.3005458330988691
-0.6488286159098157
0.30669817868062216
-0.6426762703280626
0.3128505242623752
-0.6426762703280626
0.31900286984412823
-0.6365239247463096
0.32515521542588127
-0.6303715791645566
0.33745990658938735
-0.6242192335828035
0.3436122521711404
-0.6242192335828035
0.3497645977528934
-0.6119145424192974
0.35591694333464646
-0.6057621968375444
0.36206928891639956
-0.5934575056740383
0.3682216344981526
-0.5873051600922853
0.3682216344981526
-0.5688481233470262
0.37437398007990563
-0.5626957777652731
0.37437398007990563
-0.5503910866017669
0.38052632566165867
-0.5380863954382609
0.38052632566165867
-0.5257817042747548
0.38052632566165867
-0.5073246675294957
0.38052632566165867
-0.4950199763659896
0.38052632566165867
-0.4765629396207305
0.37437398007990563
-0.47041059403897745
0.37437398007990563
-0.4581059028754713
0.3682216344981526
-0.44580121171196524
0.3682216344981526
-0.43349652054845916
0.36206928891639956
-0.4211918293849531
0.35591694333464646
-0.408887138221447
0.3497645977528934
-0.402734792639694
0.3436122521711404
-0.39043010147618784
0.33745990658938735
-0.37812541031268176
0.32515521542588127
-0.3658207191491757
0.31900286984412823
-0.3535160279856696
0.3128505242623752
-0.3473636824039166
0.30669817868062216
-0.33505899124041044
0.294393487517116
-0.3289066456586574
0.288241141935363
-0.3166019544951513
0.2759364507718569
-0.30429726333164525
0.26363175960835084
-0.2981449177498922
0.26363175960835084
-0.2919925721681392
0.25132706844484476
-0.28584022658638614
0.2451747228630917
-0.2796878810046331
0.23287003169958562
-0.27353553542288
0.22056534053607954
-0.26738318984112697
0.21441299495432647
-0.26123084425937393
0.20826064937257344
-0.2550784986776209
0.2021083037908204
-0.24892615309586785
0.18980361262731432
-0.24277380751411481
0.18365126704556126
-0.24277380751411481
0.17749892146380822
-0.23662146193236178
0.17134657588205518
-0.23662146193236178
0.16519423030030214
-0.23662146193236178
0.15288953913679604
-0.23046911635060874
0.146737193555043
-0.23046911635060874
0.14058484797328996
-0.23046911635060874
0.12828015680978389
-0.22431677076885567
0.12212781122803083
-0.22431677076885567
0.11597546564627778
-0.22431677076885567
0.10982312006452474
-0.22431677076885567
0.1036707744827717
-0.21816442518710263
0.09751842890101865
-0.21816442518710263
0.09136608331926561
-0.21816442518710263
0.08521373773751256
-0.21816442518710263
0.07906139215575952
-0.2120120796053496
0.07290904657400649
-0.2120120796053496
0.06675670099225343
-0.2120120796053496
0.06060435541050039
-0.2120120796053496
0.05445200982874735
-0.2120120796053496
0.048299664246994306
-0.2120120796053496
0.04214731866524126
-0.20585973402359656
0.035994973083488216
-0.20585973402359656
0.029842627501735174
-0.20585973402359656
0.02369028191998213
-0.20585973402359656
0.017537936338229088
-0.20585973402359656
0.017537936338229088
-0.19970738844184352
0.011385590756476044
-0.19970738844184352
0.017537936338229088
-0.19970738844184352
0.02369028191998213
-0.20585973402359656
0.029842627501735174
-0.20585973402359656
0.035994973083488216
-0.20585973402359656
0.04214731866524126
-0.20585973402359656
0.048299664246994306
-0.20585973402359656
0.06060435541050039
-0.20585973402359656
0.06675670099225343
-0.20585973402359656
0.07906139215575952
-0.20585973402359656
0.09136608331926561
-0.20585973402359656
0.09751842890101865
-0.20585973402359656
0.10982312006452474
-0.20585973402359656
0.12212781122803083
-0.19970738844184352
0.12828015680978389
-0.19970738844184352
0.13443250239153692
-0.19970738844184352
0.146737193555043
-0.19970738844184352
0.1590418847185491
-0.19970738844184352
0.16519423030030214
-0.19970738844184352
0.17749892146380822
-0.19970738844184352
0.18365126704556126
-0.19355504286009045
0.18980361262731432
-0.19355504286009045
0.19595595820906736
-0.18740269727833742
0.20826064937257344
-0.18125035169658438
0.21441299495432647
-0.17509800611483134
0.22671768611783258
-0.1689456605330783
0.23287003169958562
-0.1689456605330783
0.23902237728133865
-0.16279331495132524
0.2451747228630917
-0.15048862378781916
0.2574794140265978
-0.14433627820606612
0.26363175960835084
-0.13818393262431308
0.2697841051901039
-0.12587924146080698
0.2759364507718569
-0.11972689587905394
0.28208879635360995
-0.10742220471554785
0.288241141935363
-0.10126985913379481
0.294393487517116
-0.08896516797028872
0.3005458330988691
-0.07666047680678263
0.30669817868062216
-0.0705081312250296
0.30669817868062216
-0.058203440061523504
0.3128505242623752
-0.04589874889801742
0.31900286984412823
-0.02744171215275829
0.31900286984412823
-0.0151370209892522
0.31900286984412823
0.003320015756006931
0.31900286984412823
0.009472361337759975
0.32515521542588127
0.027929398083019107
0.32515521542588127
0.04023408924652519
0.32515521542588127
0.058691125991784325
0.32515521542588127
0.07714816273704346
0.3313075610076343
0.0833005083187965
0.32515521542588127
0.10175754506405563
0.32515521542588127
0.11406223622756172
0.32515521542588127
0.13251927297282085
0.32515521542588127
0.15097630971808
0.31900286984412823
0.1694333464633391
0.31900286984412823
0.17558569204509214
0.31900286984412823
0.19404272879035128
0.3128505242623752
0.21249976553561042
0.30669817868062216
0.23095680228086954
0.30669817868062216
0.24326149344437564
0.3005458330988691
0.2555661846078817
0.294393487517116
0.2678708757713878
0.294393487517116
0.28632791251664697
0.288241141935363
0.29863260368015304
0.28208879635360995
0.31708964042541216
0.2759364507718569
0.32939433158891823
0.2697841051901039
0.33554667717067127
0.26363175960835084
0.3478513683341774
0.2574794140265978
0.3601560594976835
0.25132706844484476
0.37246075066118955
0.23902237728133865
0.38476544182469563
0.23287003169958562
0.39091778740644867
0.22671768611783258
0.3970701329882017
0.21441299495432647
0.4093748241517078
0.2021083037908204
0.4216795153152139
0.18980361262731432
0.42783186089696695
0.18365126704556126
0.42783186089696695
0.17134657588205518
0.44013655206047303
0.1590418847185491
0.44628889764222607
0.14058484797328996
0.4524412432239791
0.12828015680978389
0.45859358880573214
0.11597546564627778
0.45859358880573214
0.10982312006452474
0.4647459343874852
0.09751842890101865
0.4647459343874852
0.08521373773751256
0.4708982799692382
0.07290904657400649
0.4708982799692382
0.06060435541050039
0.4770506255509913
0.048299664246994306
0.4770506255509913
0.04214731866524126
0.4770506255509913
0.02369028191998213
0.48320297113274435
0.011385590756476044
0.48320297113274435
-9.191004070300438E-4
0.48320297113274435
-0.01322379157053613
0.48320297113274435
-0.025528482734042218
0.48320297113274435
-0.037833173897548304
0.48320297113274435
-0.050137865061054394
0.48320297113274435
-0.06859490180631353
0.4770506255509913
-0.0808995929698196
0.4770506255509913
-0.08705193855157266
0.4708982799692382
-0.09935662971507875
0.4647459343874852
-0.10550897529683179
0.4647459343874852
-0.11781366646033788
0.45859358880573214
-0.13011835762384397
0.4524412432239791
-0.136270703205597
0.4524412432239791
-0.14242304878735004
0.44628889764222607
-0.15472773995085615
0.44013655206047303
-0.16088008553260918
0.43398420647872
-0.17318477669611526
0.42783186089696695
-0.1793371222778683
0.4216795153152139
-0.18548946785962137
0.4155271697334609
-0.1916418134413744
0.4093748241517078
-0.19779415902312744
0.40322247856995475
-0.20394650460488048
0.39091778740644867
-0.21009885018663352
0.38476544182469563
-0.21625119576838658
0.38476544182469563
-0.21625119576838658
0.3786130962429426
-0.22240354135013962
0.37246075066118955
-0.22855588693189266
0.3663084050794365
-0.22855588693189266
0.3601560594976835
-0.2347082325136457
0.35400371391593044
-0.2347082325136457
0.3478513683341774
-0.24086057809539874
0.3416990227524243
-0.24086057809539874
0.33554667717067127
-0.2470129236771518
0.32939433158891823
-0.2470129236771518
0.3232419860071652
-0.2470129236771518
0.31708964042541216
-0.2531652692589048
0.3109372948436591
-0.2531652692589048
0.3047849492619061
-0.2531652692589048
0.29863260368015304
-0.2531652692589048
0.2924802580984
-0.2531652692589048
0.28632791251664697
-0.2531652692589048
0.28017556693489387
-0.2531652692589048
0.27402322135314083
-0.2531652692589048
0.2678708757713878
-0.2531652692589048
0.26171853018963476
-0.2531652692589048
0.2555661846078817
-0.2531652692589048
0.24941383902612868
-0.2531652692589048
0.24326149344437564
-0.2531652692589048
0.23710914786262258
-0.2470129236771518
0.23095680228086954
-0.2470129236771518
0.2248044566991165
0
1
0
0
