0.14978343614647613
-1.0
0.1427221420133878
-1.0
0.1427221420133878
-0.9929387058669117
0.13566084788029947
-0.978816117600735
0.12859955374721113
-0.9717548234676466
0.12859955374721113
-0.9646935293345583
0.1215382596141228
-0.9505709410683817
0.11447696548103446
-0.936448352802205
0.11447696548103446
-0.91526447040294
0.10741567134794613
-0.894080588003675
0.10741567134794613
-0.8870192938705866
0.1003543772148578
-0.8658354114713217
0.09329308308176947
-0.8446515290720567
0.09329308308176947
-0.83052894080588
0.09329308308176947
-0.8022837642735267
0.09329308308176947
-0.78816117600735
0.09329308308176947
-0.7740385877411734
0.08623178894868114
-0.7599159994749967
0.08623178894868114
-0.7387321170757317
0.08623178894868114
-0.724609528809555
0.08623178894868114
-0.70342564641029
0.08623178894868114
-0.6963643522772017
0.08623178894868114
-0.6751804698779367
0.08623178894868114
-0.66105788161176
0.08623178894868114
-0.639873999212495
0.08623178894868114
-0.6257514109463184
0.08623178894868114
-0.6116288226801417
0.08623178894868114
-0.597506234413965
0.08623178894868114
-0.5833836461477884
0.08623178894868114
-0.5621997637485234
0.08623178894868114
-0.5480771754823467
0.08623178894868114
-0.5339545872161701
0.08623178894868114
-0.5198319989499934
0.07917049481559281
-0.5057094106838167
0.07917049481559281
-0.48452552828455175
0.07917049481559281
-0.47040294001837507
0.07210920068250447
-0.4492190576191101
0.07210920068250447
-0.44215776348602176
0.07210920068250447
-0.42097388108675676
0.06504790654941614
-0.39978999868749177
0.06504790654941614
-0.3856674104213151
0.057986612416327805
-0.3644835280220501
0.057986612416327805
-0.3503609397558734
0.057986612416327805
-0.3362383514896968
0.05092531828323947
-0.3221157632235201
0.05092531828323947
-0.3009318808242551
0.05092531828323947
-0.2868092925580784
0.04386402415015114
-0.2656254101588134
0.04386402415015114
-0.2585641160257251
0.04386402415015114
-0.2373802336264601
0.03680273001706281
-0.2161963512271951
0.03680273001706281
-0.20207376296101842
0.029741435883974477
-0.18088988056175342
0.029741435883974477
-0.16676729229557677
0.029741435883974477
-0.1526447040294001
0.022680141750886142
-0.13146082163013512
0.015618847617797811
-0.1102769392308701
0.008557553484709478
-0.08909305683160511
0.008557553484709478
-0.07497046856542845
0.0014962593516211463
-0.053786586166163455
0.0014962593516211463
-0.039663997899986786
-0.005565034781467186
-0.01848011550072179
-0.012626328914555519
-0.0043575272345451254
-0.012626328914555519
0.002703766898543207
-0.019687623047643852
0.023887649297808206
-0.019687623047643852
0.0450715316970732
-0.026748917180732183
0.0662554140963382
-0.03381021131382052
0.08037800236251487
-0.040871505446908846
0.10156188476177987
-0.040871505446908846
0.1086231788948682
-0.04793279957999718
0.12274576716104486
-0.04793279957999718
0.14392964956030985
-0.054994093713085515
0.15805223782648653
-0.06205538784617384
0.17217482609266319
-0.06205538784617384
0.17923612022575153
-0.06911668197926218
0.20042000262501652
-0.07617797611235051
0.21454259089119318
-0.08323927024543884
0.22866517915736984
-0.09030056437852718
0.24278776742354652
-0.09030056437852718
0.24984906155663483
-0.09736185851161551
0.2639716498228115
-0.10442315264470384
0.2780942380889882
-0.11148444677779218
0.2922168263551648
-0.1185457409108805
0.2992781204882532
-0.1185457409108805
0.3063394146213415
-0.12560703504396883
0.3204620028875182
-0.13266832917705718
0.3345845911536948
-0.14679091744323383
0.3416458852867832
-0.15385221157632217
0.3557684735529598
-0.1609135057094105
0.3628297676860482
-0.16797479984249883
0.3698910618191365
-0.18209738810867548
0.3840136500853132
-0.18915868224176383
0.3910749442184015
-0.19621997637485217
0.3981362383514898
-0.21034256464102882
0.4051975324845782
-0.21034256464102882
0.4122588266176665
-0.22446515290720548
0.4122588266176665
-0.23152644704029382
0.4193201207507548
-0.24564903530647048
0.4263814148838432
-0.25271032943955885
0.4263814148838432
-0.25977162357264716
0.4263814148838432
-0.27389421183882384
0.4334427090169315
-0.28801680010500047
0.4334427090169315
-0.30920068250426547
0.4334427090169315
-0.32332327077044215
0.4334427090169315
-0.33038456490353046
0.4334427090169315
-0.34450715316970715
0.4263814148838432
-0.35862974143588383
0.4263814148838432
-0.37275232970206046
0.4193201207507548
-0.38687491796823714
0.4122588266176665
-0.39393621210132546
0.4122588266176665
-0.4009975062344138
0.4051975324845782
-0.41512009450059045
0.3981362383514898
-0.4221813886336788
0.3840136500853132
-0.43630397689985545
0.3698910618191365
-0.43630397689985545
0.3628297676860482
-0.45042656516603213
0.3487071794198715
-0.45748785929912045
0.3345845911536948
-0.4645491534322088
0.3204620028875182
-0.47161044756529713
0.3063394146213415
-0.47867174169838544
0.2922168263551648
-0.47867174169838544
0.2851555322220765
-0.4857330358314738
0.2780942380889882
-0.49279432996456213
0.2639716498228115
-0.49279432996456213
0.24984906155663483
-0.49985562409765044
0.23572647329045818
-0.49985562409765044
0.22866517915736984
-0.49985562409765044
0.21454259089119318
-0.5069169182307388
0.20042000262501652
-0.5069169182307388
0.17923612022575153
-0.5139782123638271
0.16511353195957484
-0.5139782123638271
0.1509909436933982
-0.5139782123638271
0.13686835542722153
-0.5139782123638271
0.12274576716104486
-0.5139782123638271
0.10156188476177987
-0.5139782123638271
0.0874392964956032
-0.5139782123638271
0.07331670822942653
-0.5139782123638271
0.0662554140963382
-0.5139782123638271
0.05213282583016154
-0.5139782123638271
0.030948943430896537
-0.5069169182307388
0.01682635516471987
-0.5069169182307388
-0.0043575272345451254
-0.49985562409765044
-0.011418821367633458
-0.49985562409765044
-0.03260270376689846
-0.49279432996456213
-0.04672529203307512
-0.4857330358314738
-0.06084788029925178
-0.4857330358314738
-0.07497046856542845
-0.47867174169838544
-0.08203176269851678
-0.47161044756529713
-0.08909305683160511
-0.4645491534322088
-0.10321564509778178
-0.45748785929912045
-0.1102769392308701
-0.45042656516603213
-0.11733823336395845
-0.43630397689985545
-0.12439952749704677
-0.42924268276676714
-0.13146082163013512
-0.4221813886336788
-0.13852211576322343
-0.40805880036750214
-0.14558340989631177
-0.39393621210132546
-0.14558340989631177
-0.37275232970206046
-0.1526447040294001
-0.36569103556897214
-0.1526447040294001
-0.35156844730279546
-0.15970599816248843
-0.33038456490353046
-0.15970599816248843
-0.30920068250426547
-0.15970599816248843
-0.29507809423808884
-0.15970599816248843
-0.28095550597191216
-0.15970599816248843
-0.2668329177057355
-0.15970599816248843
-0.24564903530647048
-0.15970599816248843
-0.23152644704029382
-0.15970599816248843
-0.21740385877411716
-0.15970599816248843
-0.20328127050794048
-0.1526447040294001
-0.19621997637485217
-0.1526447040294001
-0.17503609397558717
-0.1526447040294001
-0.1609135057094105
-0.14558340989631177
-0.14679091744323383
-0.13852211576322343
-0.13266832917705718
-0.13146082163013512
-0.12560703504396883
-0.13146082163013512
-0.11148444677779218
-0.12439952749704677
-0.09736185851161551
-0.11733823336395845
-0.08323927024543884
-0.1102769392308701
-0.06911668197926218
-0.10321564509778178
-0.054994093713085515
-0.10321564509778178
-0.04793279957999718
-0.09615435096469345
-0.03381021131382052
-0.08909305683160511
-0.026748917180732183
-0.08203176269851678
-0.012626328914555519
-0.07497046856542845
0.0014962593516211463
-0.06084788029925178
0.008557553484709478
-0.053786586166163455
0.015618847617797811
-0.04672529203307512
0.029741435883974477
-0.03260270376689846
0.03680273001706281
-0.025541409633810123
0.05092531828323947
-0.01848011550072179
0.057986612416327805
-0.011418821367633458
0.06504790654941614
0.002703766898543207
0.07210920068250447
0.00976506103163154
0.08623178894868114
0.023887649297808206
0.09329308308176947
0.030948943430896537
0.09329308308176947
0.03801023756398487
0.10741567134794613
0.05213282583016154
0.1215382596141228
0.059194119963249865
0.12859955374721113
0.07331670822942653
0.1427221420133878
0.08037800236251487
0.14978343614647613
0.09450059062869152
0.15684473027956447
0.10156188476177987
0.16390602441265278
0.11568447302795652
0.17802861267882947
0.12274576716104486
0.19215120094500612
0.13686835542722153
0.19921249507809446
0.14392964956030985
0.20627378921118278
0.1509909436933982
0.21333508334427112
0.16511353195957484
0.22745767161044778
0.17217482609266319
0.23451896574353612
0.18629741435883984
0.24864155400971277
0.20042000262501652
0.2557028481428011
0.20042000262501652
0.26276414227588946
0.21454259089119318
0.26982543640897777
0.22160388502428152
0.28394802467515445
0.23572647329045818
0.29100931880824277
0.24278776742354652
0.2980706129413311
0.24984906155663483
0.30513190707441945
0.24984906155663483
0.31219320120750776
0.2569103556897232
0.31925449534059613
0.2639716498228115
0.32631578947368445
0.27103294395589983
0.33337708360677276
0.2780942380889882
0.34043837773986113
0.2851555322220765
0.34749967187294944
0.2922168263551648
0.36162226013912613
0.2992781204882532
0.36868355427221444
0.2992781204882532
0.37574484840530276
0.3063394146213415
0.38986743667147944
0.3134007087544298
0.39692873080456775
0.3134007087544298
0.4039900249376561
0.3134007087544298
0.41811261320383275
0.3204620028875182
0.4251739073369211
0.3204620028875182
0.43223520147000943
0.3204620028875182
0.4463577897361861
0.3204620028875182
0.45341908386927443
0.3204620028875182
0.46048037800236274
0.3204620028875182
0.4675416721354511
0.3204620028875182
0.47460296626853943
0.3204620028875182
0.47460296626853943
0.3134007087544298
0.48166426040162774
0.3134007087544298
0.4887255545347161
0.3134007087544298
0.4887255545347161
0.3063394146213415
0.4957868486678044
0.3063394146213415
0.5028481428008927
0.3063394146213415
0.509909436933981
0.3063394146213415
0.5169707310670694
0.2992781204882532
0.5240320252001578
0.2992781204882532
0.5310933193332461
0.2922168263551648
0.5381546134663344
0.2922168263551648
0.5381546134663344
0.2851555322220765
0.5452159075994227
0.2851555322220765
0.552277201732511
0.2780942380889882
0.552277201732511
0.27103294395589983
0.5593384958655994
0.27103294395589983
0.5593384958655994
0.2639716498228115
0.5593384958655994
0.2569103556897232
0.5663997899986878
0.2569103556897232
0.5663997899986878
0.24984906155663483
0.5734610841317761
0.24278776742354652
0.5805223782648644
0.23572647329045818
0.5875836723979527
0.22866517915736984
0.5875836723979527
0.22160388502428152
0.594644966531041
0.21454259089119318
0.594644966531041
0.20748129675810484
0.6017062606641294
0.20748129675810484
0.6017062606641294
0.20042000262501652
0.6017062606641294
0.19335870849192818
0.6017062606641294
0.18629741435883984
0.6087675547972178
0.18629741435883984
1
0
0
0
