0.5019373511974232
-0.8416973997479107
0.5019373511974232
-0.8311003221138132
0.5019373511974232
-0.8099061668456186
0.4913402735633259
-0.7993090892115211
0.4913402735633259
-0.7887120115774238
0.4807431959292285
-0.7781149339433264
0.4807431959292285
-0.7569207786751316
0.4701461182951311
-0.7463237010410343
0.44895196302693635
-0.7251295457728395
0.43835488539283896
-0.7039353905046447
0.43835488539283896
-0.6933383128705474
0.42775780775874156
-0.68274123523645
0.4065636524905468
-0.6615470799682552
0.3959665748564494
-0.6403529247000604
0.3853694972223521
-0.6191587694318657
0.3853694972223521
-0.6085616917977683
0.3641753419541573
-0.5873675365295735
0.35357826432005995
-0.5661733812613788
0.33238410905186516
-0.544979225993184
0.3217870314177678
-0.5237850707249893
0.30059287614957303
-0.5025909154567946
0.30059287614957303
-0.4919938378226972
0.2793987208813783
-0.46020260492040505
0.2688016432472809
-0.43900844965221025
0.24760748797908616
-0.4178142943840155
0.2370104103449888
-0.3966201391158208
0.21581625507679403
-0.375425983847626
0.21581625507679403
-0.36482890621352865
0.19462209980859926
-0.34363475094533386
0.1840250221745019
-0.3224405956771391
0.1734279445404045
-0.3012464404089444
0.15223378927220976
-0.2800522851407496
0.14163671163811237
-0.26945520750665225
0.131039634004015
-0.24826105223845749
0.12044255636991762
-0.22706689697026272
0.10984547873582025
-0.20587274170206796
0.09924840110172287
-0.1846785864338732
0.08865132346762548
-0.16348443116567846
0.07805424583352812
-0.15288735353158106
0.06745716819943073
-0.13169319826338632
0.05686009056533335
-0.11049904299519156
0.046263012931235976
-0.09990196536109418
0.02506885766304122
-0.07870781009289943
0.02506885766304122
-0.06811073245880205
0.0038747023948464644
-0.05751365482470467
-0.006722375239250913
-0.03631949955650991
-0.017319452873348292
-0.025722421922412537
-0.038513608141543046
-0.00452826665421778
-0.04911068577564043
0.016665888613976977
-0.0597077634097378
0.027262966248074356
-0.07030484104383518
0.037860043882171734
-0.09149899631202994
0.05905419915036649
-0.10209607394612731
0.08024835441856125
-0.12329022921432208
0.09084543205265862
-0.11269315158022469
0.101442509686756
-0.13388730684841946
0.12263666495495075
-0.1550814621166142
0.1438308202231455
-0.1656785397507116
0.1544278978572429
-0.17627561738480896
0.17562205312543766
-0.19746977265300372
0.1968162083936324
-0.19746977265300372
0.2074132860277298
-0.2186639279211985
0.21801036366182716
-0.22926100555529585
0.23920451893002193
-0.23985808318939322
0.2498015965641193
-0.2504551608234906
0.27099575183231406
-0.26105223845758796
0.27099575183231406
-0.28224639372578275
0.28159282946641145
-0.29284347135988015
0.3027869847346062
-0.3034405489939775
0.3133840623687036
-0.3140376266280749
0.3239811400028009
-0.3352317818962696
0.3345782176368983
-0.345828859530367
0.3451752952709957
-0.3564259371644644
0.35577237290509306
-0.38821717006675655
0.36636945053919046
-0.4094113253349513
0.37696652817328785
-0.430605480603146
0.3875636058073852
-0.4412025582372434
0.3981606834414826
-0.4517996358713408
0.40875776107558
-0.47299379113953555
0.4193548387096773
-0.4941879464077303
0.4299519163437747
-0.5047850240418277
0.4405489939778721
-0.5259791793100225
0.4405489939778721
-0.5365762569441198
0.45114607161196946
-0.5471733345782172
0.45114607161196946
-0.5683674898464119
0.45114607161196946
-0.5789645674805093
0.4405489939778721
-0.5895616451146067
0.4405489939778721
-0.6107558003828014
0.4405489939778721
-0.6213528780168989
0.4405489939778721
-0.6425470332850935
0.4405489939778721
-0.653144110919191
0.4299519163437747
-0.6743382661873857
0.4193548387096773
-0.6849353438214831
0.40875776107558
-0.7061294990896778
0.3981606834414826
-0.7167265767237753
0.3875636058073852
-0.73792073199197
0.36636945053919046
-0.7485178096260674
0.35577237290509306
-0.7485178096260674
0.3451752952709957
-0.7591148872601647
0.3345782176368983
-0.7697119648942621
0.3133840623687036
-0.7803090425283595
0.2921899071005088
-0.7909061201624569
0.27099575183231406
-0.7909061201624569
0.26039867419821666
-0.7909061201624569
0.23920451893002193
-0.8015031977965542
0.21801036366182716
-0.8015031977965542
0.1968162083936324
-0.8015031977965542
0.17562205312543766
-0.8015031977965542
0.1544278978572429
-0.8015031977965542
0.13323374258904813
-0.8015031977965542
0.11203958732085338
-0.8015031977965542
0.09084543205265862
-0.7909061201624569
0.05905419915036649
-0.7909061201624569
0.037860043882171734
-0.7803090425283595
0.027262966248074356
-0.7803090425283595
0.0060688109798795985
-0.7803090425283595
-0.015125344288315157
-0.7697119648942621
-0.03631949955650991
-0.7591148872601647
-0.05751365482470467
-0.7485178096260674
-0.07870781009289943
-0.73792073199197
-0.09990196536109418
-0.7167265767237753
-0.12109612062928894
-0.7061294990896778
-0.1422902758974837
-0.6955324214555805
-0.16348443116567846
-0.6849353438214831
-0.17408150879977582
-0.6743382661873857
-0.1952756640679706
-0.653144110919191
-0.20587274170206796
-0.6425470332850935
-0.22706689697026272
-0.6213528780168989
-0.2376639746043601
-0.6107558003828014
-0.25885812987255485
-0.6001587227487041
-0.25885812987255485
-0.5789645674805093
-0.2800522851407496
-0.5577704122123146
-0.290649362774847
-0.5365762569441198
-0.3012464404089444
-0.515382101675925
-0.3012464404089444
-0.48359086877363294
-0.3118435180430417
-0.47299379113953555
-0.3118435180430417
-0.4517996358713408
-0.3118435180430417
-0.4200084029690487
-0.3224405956771391
-0.3988142477008539
-0.3224405956771391
-0.36702301479856175
-0.3224405956771391
-0.3564259371644644
-0.3224405956771391
-0.3352317818962696
-0.3224405956771391
-0.3034405489939775
-0.3118435180430417
-0.28224639372578275
-0.3118435180430417
-0.26105223845758796
-0.3012464404089444
-0.23985808318939322
-0.3012464404089444
-0.2186639279211985
-0.290649362774847
-0.19746977265300372
-0.290649362774847
-0.17627561738480896
-0.2800522851407496
-0.1550814621166142
-0.26945520750665225
-0.13388730684841946
-0.25885812987255485
-0.10209607394612731
-0.24826105223845749
-0.09149899631202994
-0.24826105223845749
-0.07030484104383518
-0.2376639746043601
-0.04911068577564043
-0.22706689697026272
-0.02791653050744567
-0.21646981933616535
-0.006722375239250913
-0.20587274170206796
0.0038747023948464644
-0.1952756640679706
0.014471780028943842
-0.1846785864338732
0.0356659352971386
-0.16348443116567846
0.05686009056533335
-0.15288735353158106
0.07805424583352812
-0.13169319826338632
0.09924840110172287
-0.11049904299519156
0.10984547873582025
-0.11049904299519156
0.131039634004015
-0.08930488772699681
0.14163671163811237
-0.06811073245880205
0.16283086690630713
-0.05751365482470467
0.1734279445404045
-0.03631949955650991
0.19462209980859926
-0.015125344288315157
0.20521917744269666
-0.015125344288315157
0.21581625507679403
0.0060688109798795985
0.2370104103449888
0.016665888613976977
0.25820456561318356
0.037860043882171734
0.2793987208813783
0.05905419915036649
0.2793987208813783
0.06965127678446387
0.30059287614957303
0.09084543205265862
0.3217870314177678
0.11203958732085338
0.34298118668596256
0.12263666495495075
0.3641753419541573
0.1438308202231455
0.3747724195882547
0.16502497549134026
0.3853694972223521
0.16502497549134026
0.3959665748564494
0.18621913075953503
0.4171607301246442
0.1968162083936324
0.43835488539283896
0.21801036366182716
0.44895196302693635
0.22860744129592453
0.45954904066103375
0.23920451893002193
0.4807431959292285
0.2498015965641193
0.4913402735633259
0.26039867419821666
0.5125344288315206
0.28159282946641145
0.5337285840997154
0.2921899071005088
0.5443256617338127
0.3027869847346062
0.5549227393679101
0.3133840623687036
0.5761168946361048
0.3239811400028009
0.5867139722702023
0.3239811400028009
0.607908127538397
0.3451752952709957
0.6291022828065918
0.3451752952709957
0.6396993604406892
0.3451752952709957
0.6502964380747865
0.3451752952709957
0.6714905933429813
0.3451752952709957
0.6820876709770787
0.35577237290509306
0.7032818262452735
0.3451752952709957
0.7138789038793708
0.3451752952709957
0.7244759815134681
0.3451752952709957
0.7456701367816629
0.3451752952709957
0.7562672144157603
0.3345782176368983
0.7774613696839551
0.3345782176368983
0.7986555249521499
0.3239811400028009
0.8198496802203445
0.3133840623687036
0.830446757854442
0.3133840623687036
0.8410438354885393
0.3027869847346062
0.8516409131226367
0.3027869847346062
0.8622379907567341
0.2921899071005088
0.8834321460249288
0.2921899071005088
0.8940292236590263
0.28159282946641145
0.9046263012931236
0.27099575183231406
0.9152233789272209
0.26039867419821666
0.9364175341954157
0.2498015965641193
0.9470146118295131
0.23920451893002193
0.9576116894636105
0.22860744129592453
0.9682087670977079
0.22860744129592453
0.9788058447318052
0.21801036366182716
0.9788058447318052
0.2074132860277298
0.9894029223659027
0.2074132860277298
0.9894029223659027
0.1968162083936324
1.0
0.1968162083936324
1.0
0.18621913075953503
1.0
0.16502497549134026
1
0
0
0
