0.19010798560191977
-0.9282317913167133
0.18410878549526732
-0.910234190996756
0.1781095853886149
-0.8922365906767986
0.1781095853886149
-0.8862373905701462
0.17211038528196246
-0.8682397902501888
0.16611118517531
-0.8502421899302315
0.16611118517531
-0.8322445896102743
0.16011198506865756
-0.8082477891836645
0.15411278496200512
-0.7902501888637071
0.15411278496200512
-0.7782517886504022
0.14811358485535267
-0.7602541883304449
0.14811358485535267
-0.7422565880104876
0.14211438474870022
-0.7182597875838778
0.14211438474870022
-0.7002621872639204
0.13611518464204778
-0.694262987157268
0.13611518464204778
-0.6762653868373106
0.13011598453539533
-0.6582677865173533
0.12411678442874288
-0.640270186197396
0.12411678442874288
-0.6162733857707862
0.11811758432209044
-0.5982757854508288
0.11811758432209044
-0.5862773852375239
0.11211838421543799
-0.5682797849175666
0.10611918410878554
-0.5442829844909568
0.10611918410878554
-0.5262853841709995
0.1001199840021331
-0.5082877838510421
0.09412078389548065
-0.4962893836377372
0.09412078389548065
-0.4782917833177799
0.0881215837888282
-0.4542949828911701
0.08212238368217575
-0.43629738257121276
0.0761231835755233
-0.41230058214460297
0.0761231835755233
-0.3943029818246456
0.0761231835755233
-0.38230458161134073
0.07012398346887086
-0.35830778118473094
0.06412478336221841
-0.3403101808647736
0.06412478336221841
-0.3163133804381638
0.05812558325556597
-0.2983157801182065
0.05812558325556597
-0.28631737990490164
0.052126383148913526
-0.2683197795849443
0.04612718304226108
-0.25032217926498695
0.04612718304226108
-0.22632537883837714
0.04012798293560863
-0.2083277785184198
0.034128782828956185
-0.19033017819846249
0.034128782828956185
-0.1783317779851576
0.034128782828956185
-0.16033417766520025
0.02812958272230374
-0.1423365773452429
0.02812958272230374
-0.13033817713193802
0.022130382615651294
-0.11234057681198067
0.022130382615651294
-0.10034217659867578
0.016131182508998847
-0.08234457627871844
0.010131982402346402
-0.07034617606541355
0.004132782295693957
-0.05234857574545621
-0.0018664178109584896
-0.03435097542549888
-0.007865617917610935
-0.016353375105541537
-0.007865617917610935
-0.004354974892236646
-0.013864818024263382
0.007643425321068246
-0.019864018130915827
0.025641025641025585
-0.025863218237568274
0.043638625960982926
-0.03186241834422072
0.05563702617428781
-0.03186241834422072
0.0676354263875927
-0.037861618450873165
0.0796338266008976
-0.04386081855752561
0.0916322268142025
-0.04986001866417806
0.10962982713415984
-0.055859218770830506
0.12162822734746472
-0.055859218770830506
0.12762742745411718
-0.06185841887748295
0.14562502777407452
-0.06785761898413539
0.1576234279873794
-0.07385681909078784
0.17562102830733672
-0.07985601919744029
0.19361862862729406
-0.08585521930409273
0.20561702884059896
-0.08585521930409273
0.21761542905390385
-0.09185441941074518
0.22961382926720875
-0.10385281962405007
0.24161222948051364
-0.10985201973070252
0.259609829800471
-0.11585121983735497
0.2716082300137759
-0.12185041994400742
0.2776074301204283
-0.12784962005065986
0.29560503044038566
-0.13984802026396476
0.30760343065369056
-0.1458472203706172
0.31960183086699545
-0.1578456205839221
0.33160023108030034
-0.16384482069057454
0.34359863129360524
-0.169844020797227
0.3495978314002577
-0.17584322090387944
0.3615962316135626
-0.1878416211171843
0.3735946318268675
-0.19384082122383675
0.3795938319335199
-0.20583922143714165
0.3915922321468248
-0.2118384215437941
0.39759143225347726
-0.22383682175709899
0.4035906323601297
-0.24183442207705633
0.4155890325734346
-0.25383282229036125
0.42158823268008705
-0.26583122250366614
0.42158823268008705
-0.277829622716971
0.4275874327867395
-0.28382882282362343
0.4275874327867395
-0.2958272230369283
0.4335866328933919
-0.3078256232502332
0.4335866328933919
-0.3198240234635381
0.4335866328933919
-0.331822423676843
0.4335866328933919
-0.33782162378349545
0.4335866328933919
-0.34982002399680034
0.4335866328933919
-0.36181842421010524
0.4275874327867395
-0.37381682442341013
0.4275874327867395
-0.385815224636715
0.42158823268008705
-0.3978136248500199
0.40958983246678216
-0.40381282495667237
0.40958983246678216
-0.41581122516997726
0.39759143225347726
-0.42780962538328215
0.3915922321468248
-0.43980802559658705
0.38559303204017237
-0.45180642580989194
0.3735946318268675
-0.45180642580989194
0.367595431720215
-0.46380482602319684
0.3615962316135626
-0.47580322623650173
0.3495978314002577
-0.4878016264498066
0.34359863129360524
-0.4998000266631115
0.33160023108030034
-0.505799226769764
0.3256010309736479
-0.5177976269830689
0.313602630760343
-0.5297960271963738
0.3016042305470381
-0.5417944274096786
0.2896058303337332
-0.5477936275163311
0.2776074301204283
-0.559792027729636
0.26560902990712343
-0.5657912278362884
0.259609829800471
-0.5777896280495933
0.2476114295871661
-0.5837888281562458
0.2356130293738612
-0.5957872283695507
0.2236146291605563
-0.6017864284762031
0.2116162289472514
-0.6077856285828556
0.20561702884059896
-0.613784828689508
0.18761942852064162
-0.6197840287961605
0.17562102830733672
-0.6257832289028129
0.1576234279873794
-0.6257832289028129
0.14562502777407452
-0.6317824290094654
0.13362662756076962
-0.6317824290094654
0.12762742745411718
-0.6317824290094654
0.10962982713415984
-0.6317824290094654
0.09763142692085494
-0.6317824290094654
0.0796338266008976
-0.6257832289028129
0.0676354263875927
-0.6257832289028129
0.06163622628094026
-0.6197840287961605
0.043638625960982926
-0.6077856285828556
0.019641825534373138
-0.6017864284762031
0.0016442252144158
-0.5897880282628982
-0.016353375105541537
-0.5837888281562458
-0.03435097542549888
-0.5777896280495933
-0.040350175532151325
-0.5717904279429409
-0.05834777585210866
-0.559792027729636
-0.07634537617206599
-0.5477936275163311
-0.09434297649202333
-0.5417944274096786
-0.11234057681198067
-0.5357952273030262
-0.11833977691863312
-0.5237968270897213
-0.13033817713193802
-0.5177976269830689
-0.1423365773452429
-0.505799226769764
-0.1543349775585478
-0.49380082655645907
-0.1663333777718527
-0.4878016264498066
-0.17233257787850514
-0.4818024263431542
-0.1783317779851576
-0.46380482602319684
-0.19033017819846249
-0.45180642580989194
-0.19632937830511493
-0.43980802559658705
-0.2083277785184198
-0.4218104252766297
-0.2203261787317247
-0.41581122516997726
-0.22632537883837714
-0.3978136248500199
-0.2323245789450296
-0.3798160245300626
-0.24432297915833448
-0.3678176243167577
-0.2563213793716394
-0.34982002399680034
-0.26232057947829185
-0.33782162378349545
-0.2683197795849443
-0.32582322357019056
-0.27431897969159674
-0.31382482335688566
-0.2803181797982492
-0.2958272230369283
-0.28631737990490164
-0.28382882282362343
-0.2923165800115541
-0.27183042261031853
-0.2923165800115541
-0.2598320223970137
-0.2923165800115541
-0.24183442207705633
-0.2983157801182065
-0.22983602186375143
-0.2983157801182065
-0.2118384215437941
-0.2983157801182065
-0.19384082122383675
-0.2983157801182065
-0.18184242101053186
-0.2983157801182065
-0.17584322090387944
-0.2983157801182065
-0.1578456205839221
-0.2983157801182065
-0.1458472203706172
-0.2923165800115541
-0.12784962005065986
-0.2923165800115541
-0.11585121983735497
-0.28631737990490164
-0.10985201973070252
-0.28631737990490164
-0.09785361951739763
-0.2803181797982492
-0.08585521930409273
-0.27431897969159674
-0.07385681909078784
-0.2683197795849443
-0.055859218770830506
-0.2563213793716394
-0.04386081855752561
-0.25032217926498695
-0.037861618450873165
-0.24432297915833448
-0.025863218237568274
-0.23832377905168203
-0.013864818024263382
-0.22632537883837714
-0.0018664178109584896
-0.21432697862507225
0.004132782295693957
-0.20232857841176738
0.010131982402346402
-0.19632937830511493
0.022130382615651294
-0.19033017819846249
0.034128782828956185
-0.1783317779851576
0.04612718304226108
-0.1663333777718527
0.05812558325556597
-0.14833577745189536
0.06412478336221841
-0.1423365773452429
0.0761231835755233
-0.13633737723859046
0.08212238368217575
-0.12433897702528557
0.09412078389548065
-0.11234057681198067
0.1001199840021331
-0.09434297649202333
0.11211838421543799
-0.08834377638537089
0.11811758432209044
-0.07634537617206599
0.13011598453539533
-0.06434697595876111
0.13611518464204778
-0.05234857574545621
0.14811358485535267
-0.03435097542549888
0.16011198506865756
-0.022352575212193984
0.16611118517531
-0.010354174998889092
0.17211038528196246
-0.004354974892236646
0.18410878549526732
0.007643425321068246
0.19610718570857222
0.019641825534373138
0.2081055859218771
0.03164022574767803
0.220103986135182
0.043638625960982926
0.22610318624183445
0.049637826067635366
0.2321023863484869
0.06163622628094026
0.2441007865617918
0.07363462649424515
0.2560991867750967
0.08563302670755005
0.2680975869884016
0.09763142692085494
0.2800959872017065
0.10962982713415984
0.2860951873083589
0.11562902724081227
0.2980935875216638
0.12762742745411718
0.31609118784162116
0.13962582766742207
0.32808958805492605
0.14562502777407452
0.34008798826823095
0.1576234279873794
0.3460871883748834
0.16362262809403183
0.3580855885881883
0.17562102830733672
0.3760831889081456
0.18761942852064162
0.39408078922810297
0.1996178287339465
0.40607918944140786
0.20561702884059896
0.4240767897613652
0.21761542905390385
0.4360751899746701
0.2236146291605563
0.448073590187975
0.22961382926720875
0.4660711905079323
0.24161222948051364
0.4840687908278896
0.2476114295871661
0.502066391147847
0.25361062969381853
0.5080655912544995
0.259609829800471
0.5200639914678044
0.26560902990712343
0.5380615917877617
0.2716082300137759
0.556059192107719
0.2776074301204283
0.5740567924276764
0.2896058303337332
0.5920543927476337
0.2896058303337332
0.5980535928542862
0.29560503044038566
0.6160511931742435
0.29560503044038566
0.6340487934942008
0.3016042305470381
0.6520463938141581
0.30760343065369056
0.664044794027463
0.313602630760343
0.6820423943474203
0.31960183086699545
0.6940407945607252
0.31960183086699545
0.7060391947740301
0.3256010309736479
0.718037594987335
0.3256010309736479
0.7360351953072923
0.33160023108030034
0.7480335955205972
0.3375994311869528
0.7600319957339021
0.34359863129360524
0.7780295960538595
0.34359863129360524
0.7960271963738168
0.3495978314002577
0.8140247966937741
0.35559703150691013
0.8320223970137315
0.35559703150691013
0.8380215971203839
0.3615962316135626
0.8560191974403413
0.3615962316135626
0.8740167977602986
0.3615962316135626
0.892014398080256
0.367595431720215
0.9040127982935608
0.367595431720215
0.9100119984002133
0.367595431720215
0.9280095987201706
0.367595431720215
0.9400079989334755
0.367595431720215
0.9520063991467804
0.367595431720215
0.9640047993600853
0.367595431720215
0.9700039994667378
0.367595431720215
0.9760031995733902
0.367595431720215
0.9880015997866951
0.367595431720215
0.9940007998933476
0.367595431720215
1.0
0.367595431720215
1
0
0
0
