0.3562917063870353
-1.0
0.3562917063870353
-0.989960676835081
0.3562917063870353
-0.9698820305052431
0.3562917063870353
-0.9498033841754051
0.3462523832221163
-0.9297247378455672
0.33621306005719737
-0.9096460915157293
0.33621306005719737
-0.8895674451858914
0.33621306005719737
-0.8594494756911344
0.32617373689227835
-0.8393708293612965
0.3161344137273594
-0.8192921830314586
0.3161344137273594
-0.7992135367016207
0.30609509056244044
-0.7791348903717826
0.2960557673975215
-0.7590562440419447
0.2860164442326025
-0.7490169208770258
0.2860164442326025
-0.7389775977121068
0.2860164442326025
-0.7289382745471878
0.2759771210676835
-0.7289382745471878
0.2759771210676835
-0.7188989513822689
0.2759771210676835
-0.7088596282173498
0.26593779790276456
-0.6887809818875119
0.2558984747378456
-0.678741658722593
0.2558984747378456
-0.668702335557674
0.24585915157292662
-0.6385843660629171
0.23581982840800764
-0.6285450428979981
0.23581982840800764
-0.6084663965681602
0.22578050524308868
-0.5883877502383222
0.22578050524308868
-0.5683091039084843
0.22578050524308868
-0.5381911344137273
0.2157411820781697
-0.5181124880838894
0.20570185891325074
-0.4980338417540515
0.20570185891325074
-0.4879945185891325
0.19566253574833176
-0.47795519542421355
0.19566253574833176
-0.45787654909437564
0.1856232125834128
-0.45787654909437564
0.1856232125834128
-0.43779790276453767
0.1856232125834128
-0.40767993326978075
0.1856232125834128
-0.38760128693994284
0.17558388941849382
-0.36752264061010487
0.16554456625357486
-0.34744399428026695
0.16554456625357486
-0.327365347950429
0.16554456625357486
-0.3072867016205911
0.15550524308865588
-0.27716873212583415
0.14546591992373692
-0.2671294089609152
0.13542659675881794
-0.24705076263107725
0.13542659675881794
-0.23701143946615827
0.12538727359389898
-0.20689346997140137
0.11534795042898
-0.18681482364156343
0.11534795042898
-0.17677550047664445
0.11534795042898
-0.1566968541468065
0.10530862726406102
-0.13661820781696857
0.09526930409914205
-0.11653956148713063
0.09526930409914205
-0.10650023832221167
0.08522998093422308
-0.07638226882745476
0.07519065776930411
-0.05630362249761681
0.06515133460438514
-0.03622497616777887
0.06515133460438514
-0.016146329837940933
0.05511201143946618
-0.006107006673021964
0.04507268827454721
0.024010962821734948
0.04507268827454721
0.03405028598665392
0.04507268827454721
0.04408960915157289
0.03503336510962824
0.06416825548141082
0.02499404194470927
0.07420757864632979
0.02499404194470927
0.08424690181124876
0.014954718779790299
0.1043255481410867
0.0049153956148713296
0.1043255481410867
0.0049153956148713296
0.11436487130600567
0.0049153956148713296
0.12440419447092464
0.0049153956148713296
0.1444828408007626
-0.005123927550047641
0.1444828408007626
-0.005123927550047641
0.15452216396568155
-0.005123927550047641
0.16456148713060054
-0.005123927550047641
0.1746008102955195
-0.01516325071496661
0.18464013346043848
-0.01516325071496661
0.19467945662535743
-0.01516325071496661
0.20471877979027642
-0.01516325071496661
0.21475810295519537
-0.02520257387988558
0.21475810295519537
-0.03524189704480455
0.22479742612011436
-0.03524189704480455
0.2348367492850333
-0.04528122020972352
0.2448760724499523
-0.04528122020972352
0.25491539561487125
-0.04528122020972352
0.2649547187797902
-0.05532054337464249
0.2649547187797902
-0.05532054337464249
0.2749940419447092
-0.06535986653956147
0.2850333651096282
-0.06535986653956147
0.29507268827454713
-0.07539918970448044
0.29507268827454713
-0.07539918970448044
0.3051120114394661
-0.08543851286939941
0.3151513346043851
-0.08543851286939941
0.32519065776930406
-0.09547783603431838
0.32519065776930406
-0.09547783603431838
0.335229980934223
-0.10551715919923735
0.335229980934223
-0.10551715919923735
0.34526930409914197
-0.1155564823641563
0.34526930409914197
-0.1155564823641563
0.355308627264061
-0.1255958055290753
0.3753872735938989
-0.13563512869399424
0.38542659675881785
-0.14567445185891323
0.38542659675881785
-0.14567445185891323
0.4055052430886558
-0.15571377502383218
0.4155445662535748
-0.16575309818875117
0.42558388941849373
-0.16575309818875117
0.43562321258341274
-0.17579242135367013
0.43562321258341274
-0.1858317445185891
0.4456625357483317
-0.1858317445185891
0.45570185891325066
-0.19587106768350807
0.45570185891325066
-0.19587106768350807
0.4657411820781696
-0.20591039084842705
0.4657411820781696
-0.20591039084842705
0.4757805052430886
-0.215949714013346
0.4858198284080076
-0.225989037178265
0.4858198284080076
-0.225989037178265
0.49585915157292654
-0.23602836034318395
0.49585915157292654
-0.24606768350810293
0.49585915157292654
-0.2561070066730219
0.49585915157292654
-0.26614632983794084
0.49585915157292654
-0.27618565300285985
0.49585915157292654
-0.2862249761677788
0.49585915157292654
-0.29626429933269777
0.49585915157292654
-0.3063036224976167
0.49585915157292654
-0.31634294566253573
0.4858198284080076
-0.3263822688274547
0.4757805052430886
-0.33642159199237365
0.4757805052430886
-0.33642159199237365
0.4657411820781696
-0.3464609151572926
0.4657411820781696
-0.3565002383222116
0.45570185891325066
-0.36653956148713057
0.4456625357483317
-0.37657888465204953
0.43562321258341274
-0.37657888465204953
0.42558388941849373
-0.3866182078169685
0.42558388941849373
-0.3966575309818875
0.42558388941849373
-0.3966575309818875
0.4155445662535748
-0.40669685414680645
0.4155445662535748
-0.40669685414680645
0.4055052430886558
-0.4167361773117254
0.4055052430886558
-0.4167361773117254
0.39546591992373686
-0.42677550047664436
0.38542659675881785
-0.4368148236415634
0.3753872735938989
-0.4368148236415634
0.355308627264061
-0.44685414680648233
0.355308627264061
-0.44685414680648233
0.34526930409914197
-0.4568934699714013
0.335229980934223
-0.46693279313632025
0.3151513346043851
-0.46693279313632025
0.3051120114394661
-0.47697211630123926
0.2850333651096282
-0.47697211630123926
0.2749940419447092
-0.4870114394661582
0.2649547187797902
-0.4870114394661582
0.2448760724499523
-0.49705076263107717
0.2348367492850333
-0.5070900857959961
0.21475810295519537
-0.5070900857959961
0.19467945662535743
-0.5070900857959961
0.18464013346043848
-0.5070900857959961
0.1746008102955195
-0.5070900857959961
0.15452216396568155
-0.5171294089609151
0.15452216396568155
-0.5171294089609151
0.1344435176358436
-0.5171294089609151
0.12440419447092464
-0.5171294089609151
0.1043255481410867
-0.5171294089609151
0.08424690181124876
-0.5171294089609151
0.06416825548141082
-0.5171294089609151
0.05412893231649186
-0.5171294089609151
0.03405028598665392
-0.5171294089609151
0.024010962821734948
-0.5171294089609151
0.013971639656815976
-0.5171294089609151
0.003932316491897007
-0.5171294089609151
-0.016146329837940933
-0.5171294089609151
-0.03622497616777887
-0.5171294089609151
-0.04626429933269784
-0.5171294089609151
-0.05630362249761681
-0.5171294089609151
-0.06634294566253579
-0.5171294089609151
-0.07638226882745476
-0.5070900857959961
-0.08642159199237373
-0.5070900857959961
-0.0964609151572927
-0.49705076263107717
-0.11653956148713063
-0.49705076263107717
-0.13661820781696857
-0.4870114394661582
-0.14665753098188755
-0.4870114394661582
-0.1566968541468065
-0.47697211630123926
-0.17677550047664445
-0.47697211630123926
-0.18681482364156343
-0.47697211630123926
-0.1968541468064824
-0.46693279313632025
-0.21693279313632033
-0.46693279313632025
-0.23701143946615827
-0.4568934699714013
-0.25709008579599624
-0.44685414680648233
-0.27716873212583415
-0.44685414680648233
-0.2872080552907531
-0.4368148236415634
-0.2872080552907531
-0.4368148236415634
-0.2972473784556721
-0.42677550047664436
-0.3072867016205911
-0.4167361773117254
-0.31732602478551003
-0.4167361773117254
-0.327365347950429
-0.40669685414680645
-0.327365347950429
-0.3966575309818875
-0.337404671115348
-0.3966575309818875
-0.34744399428026695
-0.3866182078169685
-0.34744399428026695
-0.3866182078169685
-0.3574833174451859
-0.37657888465204953
-0.3574833174451859
-0.36653956148713057
-0.3574833174451859
-0.3565002383222116
-0.36752264061010487
-0.3464609151572926
-0.36752264061010487
-0.33642159199237365
-0.36752264061010487
-0.3263822688274547
-0.36752264061010487
-0.3263822688274547
-0.3775619637750239
-0.31634294566253573
-0.3775619637750239
-0.3063036224976167
-0.3775619637750239
-0.29626429933269777
-0.3775619637750239
-0.2862249761677788
-0.3775619637750239
-0.27618565300285985
-0.3775619637750239
-0.26614632983794084
-0.3775619637750239
-0.2561070066730219
-0.3775619637750239
-0.24606768350810293
-0.3775619637750239
-0.23602836034318395
-0.3775619637750239
-0.225989037178265
-0.36752264061010487
-0.215949714013346
-0.36752264061010487
-0.215949714013346
-0.3574833174451859
-0.20591039084842705
-0.3574833174451859
-0.1858317445185891
-0.34744399428026695
-0.1858317445185891
-0.337404671115348
-0.17579242135367013
-0.337404671115348
-0.17579242135367013
-0.327365347950429
-0.16575309818875117
-0.327365347950429
-0.15571377502383218
-0.31732602478551003
-0.14567445185891323
-0.31732602478551003
-0.14567445185891323
-0.3072867016205911
-0.13563512869399424
-0.3072867016205911
-0.1255958055290753
-0.2972473784556721
-0.1155564823641563
-0.2972473784556721
-0.1155564823641563
-0.2872080552907531
-0.10551715919923735
-0.2872080552907531
-0.10551715919923735
-0.27716873212583415
-0.09547783603431838
-0.2671294089609152
-0.07539918970448044
-0.25709008579599624
-0.06535986653956147
-0.24705076263107725
-0.06535986653956147
-0.23701143946615827
-0.05532054337464249
-0.23701143946615827
-0.04528122020972352
-0.2269721163012393
-0.03524189704480455
-0.21693279313632033
-0.02520257387988558
-0.20689346997140137
-0.02520257387988558
-0.1968541468064824
-0.01516325071496661
-0.1968541468064824
-0.005123927550047641
-0.18681482364156343
0.0049153956148713296
-0.17677550047664445
0.014954718779790299
-0.1667361773117255
0.014954718779790299
-0.1566968541468065
0.02499404194470927
-0.14665753098188755
0.03503336510962824
-0.13661820781696857
0.04507268827454721
-0.1265788846520496
0.05511201143946618
-0.11653956148713063
0.06515133460438514
-0.10650023832221167
0.06515133460438514
-0.0964609151572927
0.07519065776930411
-0.0964609151572927
0.07519065776930411
-0.08642159199237373
0.08522998093422308
-0.08642159199237373
0.09526930409914205
-0.07638226882745476
0.10530862726406102
-0.06634294566253579
0.11534795042898
-0.05630362249761681
0.12538727359389898
-0.04626429933269784
0.13542659675881794
-0.03622497616777887
0.14546591992373692
-0.03622497616777887
0.16554456625357486
-0.016146329837940933
0.1856232125834128
0.003932316491897007
0.1856232125834128
0.013971639656815976
0.20570185891325074
0.024010962821734948
0.20570185891325074
0.03405028598665392
0.2157411820781697
0.04408960915157289
0.22578050524308868
0.05412893231649186
0.23581982840800764
0.05412893231649186
0.24585915157292662
0.07420757864632979
0.2558984747378456
0.08424690181124876
0.2558984747378456
0.09428622497616773
0.26593779790276456
0.09428622497616773
0.26593779790276456
0.1043255481410867
0.2759771210676835
0.1043255481410867
0.2860164442326025
0.11436487130600567
0.2860164442326025
0.12440419447092464
0.2960557673975215
0.1344435176358436
0.30609509056244044
0.1444828408007626
0.30609509056244044
0.15452216396568155
0.3161344137273594
0.16456148713060054
0.32617373689227835
0.16456148713060054
0.32617373689227835
0.1746008102955195
0.33621306005719737
0.1746008102955195
0.33621306005719737
0.18464013346043848
0.3462523832221163
0.18464013346043848
0.3462523832221163
0.19467945662535743
0.3562917063870353
0.20471877979027642
0.36633102955195423
0.20471877979027642
0.36633102955195423
0.21475810295519537
0.37637035271687325
0.21475810295519537
0.37637035271687325
0.22479742612011436
0.3864096758817922
0.22479742612011436
0.3864096758817922
0.2348367492850333
0.39644899904671116
0.2448760724499523
0.4064883222116301
0.2448760724499523
0.4064883222116301
0.25491539561487125
0.4165276453765491
0.25491539561487125
0.4165276453765491
0.2649547187797902
0.4265669685414681
0.2649547187797902
0.4265669685414681
0.2749940419447092
0.43660629170638704
0.2749940419447092
0.446645614871306
0.2850333651096282
0.456684938036225
0.2850333651096282
0.456684938036225
0.29507268827454713
0.46672426120114396
0.29507268827454713
0.46672426120114396
0.3051120114394661
0.4767635843660629
0.3051120114394661
0.4868029075309819
0.3151513346043851
0.4968422306959009
0.32519065776930406
0.5068815538608198
0.32519065776930406
0.5169208770257389
0.32519065776930406
0.5269602001906578
0.335229980934223
0.5369995233555768
0.335229980934223
0.5470388465204957
0.34526930409914197
0.5570781696854147
0.34526930409914197
0.5671174928503336
0.34526930409914197
0.5771568160152526
0.34526930409914197
0.5871961391801716
0.34526930409914197
0.5972354623450906
0.34526930409914197
0.6072747855100096
0.34526930409914197
0.6173141086749285
0.355308627264061
0.6273534318398475
0.355308627264061
0.6273534318398475
0.36534795042897994
0.6373927550047664
0.36534795042897994
0.6474320781696854
0.36534795042897994
0.6574714013346044
0.36534795042897994
0.6675107244995233
0.36534795042897994
0.6775500476644424
0.36534795042897994
0.6875893708293613
0.36534795042897994
0.6976286939942803
0.36534795042897994
0.7076680171591992
0.36534795042897994
0.7177073403241182
0.36534795042897994
0.7277466634890372
0.36534795042897994
0.7377859866539561
0.36534795042897994
0.7478253098188751
0.36534795042897994
0.7578646329837941
0.36534795042897994
0.7679039561487131
0.36534795042897994
0.777943279313632
0.36534795042897994
1
0
0
0
