0.3687788867305244
-1.0
0.3687788867305244
-0.9894165717730592
0.35819545850358353
-0.9682497153191775
0.35819545850358353
-0.936499430638355
0.34761203027664267
-0.9153325741844732
0.3370286020497018
-0.8835822895036506
0.32644517382276095
-0.862415433049769
0.32644517382276095
-0.8518320048228281
0.32644517382276095
-0.8306651483689463
0.31586174559582014
-0.8094982919150647
0.31586174559582014
-0.788331435461183
0.3052783173688793
-0.7671645790073013
0.2946948891419384
-0.7565811507803605
0.2946948891419384
-0.7459977225534196
0.2946948891419384
-0.7248308660995378
0.28411146091499756
-0.7036640096456562
0.28411146091499756
-0.6824971531917745
0.2735280326880567
-0.6613302967378928
0.2735280326880567
-0.6507468685109519
0.26294460446111584
-0.6295800120570703
0.26294460446111584
-0.6084131556031885
0.25236117623417503
-0.5872462991493068
0.24177774800723417
-0.5660794426954251
0.24177774800723417
-0.5554960144684843
0.2311943197802933
-0.5343291580146026
0.2311943197802933
-0.5237457297876618
0.22061089155335245
-0.50257887333378
0.22061089155335245
-0.47082858865295746
0.21002746332641162
-0.4602451604260166
0.21002746332641162
-0.44966173219907574
0.19944403509947076
-0.42849487574519407
0.19944403509947076
-0.40732801929131235
0.1888606068725299
-0.3861611628374306
0.17827717864558906
-0.36499430638354896
0.17827717864558906
-0.34382744992966724
0.1676937504186482
-0.3332440217027264
0.1676937504186482
-0.3120771652488447
0.15711032219170734
-0.290910308794963
0.1465268939647665
-0.26974345234108127
0.13594346573782565
-0.25916002411414046
0.13594346573782565
-0.2485765958871996
0.12536003751088481
-0.22740973943331788
0.12536003751088481
-0.2062428829794362
0.11477660928394395
-0.1850760265255545
0.1041931810570031
-0.1639091700716728
0.09360975283006225
-0.14274231361779108
0.09360975283006225
-0.13215888539085024
0.0830263246031214
-0.11099202893696854
0.07244289637618055
-0.08982517248308683
0.07244289637618055
-0.06865831602920514
0.0618594681492397
-0.04749145957532343
0.051276039922298844
-0.03690803134838258
0.040692611695358
-0.005157746667560025
0.030109183468417143
0.016009109786321675
0.030109183468417143
0.037175966240203376
0.019525755241476293
0.05834282269408508
0.008942327014535442
0.07950967914796678
0.008942327014535442
0.09009310737490764
-0.001641101212405408
0.11125996382878933
-0.012224529439346259
0.13242682028267103
-0.02280795766628711
0.15359367673655275
-0.02280795766628711
0.16417710496349358
-0.03339138589322796
0.17476053319043444
-0.03339138589322796
0.1853439614173753
-0.04397481412016881
0.19592738964431614
-0.04397481412016881
0.21709424609819783
-0.05455824234710966
0.2276776743251387
-0.05455824234710966
0.23826110255207955
-0.06514167057405051
0.24884453077902038
-0.06514167057405051
0.2594279590059612
-0.07572509880099136
0.2700113872329021
-0.08630852702793221
0.2911782436867838
-0.08630852702793221
0.30176167191372466
-0.09689195525487307
0.3229285283676063
-0.10747538348181392
0.34409538482148805
-0.11805881170875476
0.3546788130484289
-0.12864223993569562
0.36526224127536977
-0.13922566816263646
0.37584566950231063
-0.14980909638957732
0.38642909772925144
-0.14980909638957732
0.3970125259561923
-0.16039252461651818
0.40759595418313316
-0.16039252461651818
0.418179382410074
-0.170975952843459
0.418179382410074
-0.170975952843459
0.4287628106370149
-0.18155938107039987
0.4287628106370149
-0.19214280929734073
0.4287628106370149
-0.19214280929734073
0.4393462388639557
-0.20272623752428157
0.4393462388639557
-0.21330966575122243
0.4393462388639557
-0.2238930939781633
0.44992966709089655
-0.23447652220510412
0.44992966709089655
-0.24505995043204498
0.44992966709089655
-0.25564337865898584
0.44992966709089655
-0.2662268068859267
0.44992966709089655
-0.2768102351128675
0.44992966709089655
-0.28739366333980837
0.44992966709089655
-0.29797709156674923
0.44992966709089655
-0.29797709156674923
0.4393462388639557
-0.3085605197936901
0.4393462388639557
-0.31914394802063095
0.4393462388639557
-0.32972737624757176
0.4393462388639557
-0.3403108044745126
0.4393462388639557
-0.3508942327014535
0.4287628106370149
-0.36147766092839434
0.4287628106370149
-0.3720610891553352
0.418179382410074
-0.38264451738227606
0.40759595418313316
-0.39322794560921687
0.40759595418313316
-0.4038113738361577
0.3970125259561923
-0.4143948020630986
0.38642909772925144
-0.42497823029003945
0.37584566950231063
-0.4355616585169803
0.36526224127536977
-0.4461450867439211
0.3546788130484289
-0.4461450867439211
0.34409538482148805
-0.456728514970862
0.34409538482148805
-0.456728514970862
0.3335119565945472
-0.456728514970862
0.3229285283676063
-0.46731194319780284
0.3123451001406655
-0.4778953714247437
0.30176167191372466
-0.4778953714247437
0.2911782436867838
-0.48847879965168456
0.2911782436867838
-0.48847879965168456
0.28059481545984294
-0.48847879965168456
0.2700113872329021
-0.4990622278786254
0.2594279590059612
-0.5096456561055662
0.24884453077902038
-0.5096456561055662
0.23826110255207955
-0.5096456561055662
0.2276776743251387
-0.5096456561055662
0.21709424609819783
-0.5202290843325071
0.206510817871257
-0.5202290843325071
0.19592738964431614
-0.5202290843325071
0.1853439614173753
-0.530812512559448
0.1853439614173753
-0.530812512559448
0.17476053319043444
-0.530812512559448
0.16417710496349358
-0.530812512559448
0.15359367673655275
-0.5413959407863888
0.1430102485096119
-0.5413959407863888
0.13242682028267103
-0.5413959407863888
0.12184339205573018
-0.5413959407863888
0.11125996382878933
-0.5413959407863888
0.10067653560184849
-0.5413959407863888
0.09009310737490764
-0.5413959407863888
0.07950967914796678
-0.5413959407863888
0.06892625092102593
-0.5413959407863888
0.05834282269408508
-0.5413959407863888
0.04775939446714423
-0.5413959407863888
0.037175966240203376
-0.5413959407863888
0.026592538013262525
-0.5413959407863888
0.016009109786321675
-0.530812512559448
0.005425681559380825
-0.530812512559448
-0.005157746667560025
-0.530812512559448
-0.015741174894500876
-0.530812512559448
-0.026324603121441727
-0.530812512559448
-0.03690803134838258
-0.530812512559448
-0.04749145957532343
-0.530812512559448
-0.05807488780226428
-0.530812512559448
-0.06865831602920514
-0.530812512559448
-0.07924174425614598
-0.530812512559448
-0.08982517248308683
-0.5202290843325071
-0.10040860071002768
-0.5202290843325071
-0.11099202893696854
-0.5202290843325071
-0.12157545716390938
-0.5202290843325071
-0.13215888539085024
-0.5096456561055662
-0.13215888539085024
-0.5096456561055662
-0.14274231361779108
-0.5096456561055662
-0.15332574184473194
-0.4990622278786254
-0.1639091700716728
-0.4990622278786254
-0.17449259829861363
-0.48847879965168456
-0.17449259829861363
-0.48847879965168456
-0.1850760265255545
-0.48847879965168456
-0.19565945475249533
-0.4778953714247437
-0.2062428829794362
-0.4778953714247437
-0.21682631120637705
-0.46731194319780284
-0.21682631120637705
-0.46731194319780284
-0.22740973943331788
-0.46731194319780284
-0.23799316766025874
-0.456728514970862
-0.23799316766025874
-0.456728514970862
-0.2485765958871996
-0.4461450867439211
-0.2485765958871996
-0.4461450867439211
-0.25916002411414046
-0.4355616585169803
-0.25916002411414046
-0.4355616585169803
-0.26974345234108127
-0.42497823029003945
-0.26974345234108127
-0.42497823029003945
-0.28032688056802213
-0.4143948020630986
-0.28032688056802213
-0.4038113738361577
-0.28032688056802213
-0.39322794560921687
-0.290910308794963
-0.38264451738227606
-0.290910308794963
-0.3720610891553352
-0.290910308794963
-0.36147766092839434
-0.290910308794963
-0.3508942327014535
-0.30149373702190385
-0.3403108044745126
-0.30149373702190385
-0.32972737624757176
-0.3120771652488447
-0.31914394802063095
-0.3120771652488447
-0.3085605197936901
-0.3120771652488447
-0.3085605197936901
-0.3226605934757856
-0.29797709156674923
-0.3226605934757856
-0.28739366333980837
-0.3226605934757856
-0.2768102351128675
-0.3226605934757856
-0.2662268068859267
-0.3226605934757856
-0.25564337865898584
-0.3226605934757856
-0.24505995043204498
-0.3226605934757856
-0.23447652220510412
-0.3226605934757856
-0.2238930939781633
-0.3226605934757856
-0.21330966575122243
-0.3226605934757856
-0.20272623752428157
-0.3226605934757856
-0.19214280929734073
-0.3226605934757856
-0.18155938107039987
-0.3226605934757856
-0.16039252461651818
-0.3226605934757856
-0.14980909638957732
-0.3226605934757856
-0.13922566816263646
-0.3120771652488447
-0.12864223993569562
-0.3120771652488447
-0.11805881170875476
-0.30149373702190385
-0.10747538348181392
-0.30149373702190385
-0.09689195525487307
-0.290910308794963
-0.08630852702793221
-0.290910308794963
-0.07572509880099136
-0.28032688056802213
-0.06514167057405051
-0.28032688056802213
-0.05455824234710966
-0.26974345234108127
-0.04397481412016881
-0.26974345234108127
-0.04397481412016881
-0.25916002411414046
-0.02280795766628711
-0.2485765958871996
-0.02280795766628711
-0.23799316766025874
-0.012224529439346259
-0.23799316766025874
-0.001641101212405408
-0.22740973943331788
0.019525755241476293
-0.21682631120637705
0.030109183468417143
-0.2062428829794362
0.040692611695358
-0.19565945475249533
0.051276039922298844
-0.19565945475249533
0.051276039922298844
-0.1850760265255545
0.0618594681492397
-0.1850760265255545
0.07244289637618055
-0.17449259829861363
0.0830263246031214
-0.1639091700716728
0.09360975283006225
-0.15332574184473194
0.1041931810570031
-0.14274231361779108
0.11477660928394395
-0.14274231361779108
0.12536003751088481
-0.13215888539085024
0.13594346573782565
-0.12157545716390938
0.1465268939647665
-0.11099202893696854
0.1465268939647665
-0.10040860071002768
0.15711032219170734
-0.08982517248308683
0.1676937504186482
-0.08982517248308683
0.17827717864558906
-0.07924174425614598
0.17827717864558906
-0.06865831602920514
0.1888606068725299
-0.05807488780226428
0.19944403509947076
-0.04749145957532343
0.21002746332641162
-0.03690803134838258
0.22061089155335245
-0.026324603121441727
0.2311943197802933
-0.015741174894500876
0.24177774800723417
-0.005157746667560025
0.25236117623417503
0.005425681559380825
0.26294460446111584
0.016009109786321675
0.26294460446111584
0.026592538013262525
0.2735280326880567
0.037175966240203376
0.28411146091499756
0.04775939446714423
0.2946948891419384
0.05834282269408508
0.3052783173688793
0.06892625092102593
0.31586174559582014
0.07950967914796678
0.31586174559582014
0.10067653560184849
0.32644517382276095
0.11125996382878933
0.3370286020497018
0.12184339205573018
0.34761203027664267
0.13242682028267103
0.35819545850358353
0.1430102485096119
0.3687788867305244
0.15359367673655275
0.3793623149574652
0.16417710496349358
0.38994574318440606
0.17476053319043444
0.38994574318440606
0.1853439614173753
0.4005291714113469
0.19592738964431614
0.4111125996382878
0.206510817871257
0.42169602786522864
0.21709424609819783
0.4322794560921695
0.2276776743251387
0.4428628843191103
0.2276776743251387
0.45344631254605117
0.23826110255207955
0.464029740772992
0.24884453077902038
0.464029740772992
0.2594279590059612
0.4746131689999329
0.2700113872329021
0.48519659722687375
0.28059481545984294
0.49578002545381455
0.2911782436867838
0.5063634536807554
0.30176167191372466
0.5169468819076963
0.30176167191372466
0.5169468819076963
0.3123451001406655
0.5275303101346371
0.3229285283676063
0.5381137383615779
0.3335119565945472
0.5486971665885189
0.34409538482148805
0.5592805948154597
0.3546788130484289
0.5698640230424006
0.36526224127536977
0.5910308794962822
0.36526224127536977
0.5910308794962822
0.37584566950231063
0.6016143077232231
0.37584566950231063
0.6121977359501639
0.38642909772925144
0.6227811641771048
0.3970125259561923
0.6333645924040456
0.3970125259561923
0.6439480206309864
0.40759595418313316
0.6651148770848682
0.418179382410074
0.6756983053118091
0.418179382410074
0.6968651617656908
0.4287628106370149
0.7074485899926316
0.4287628106370149
0.7180320182195724
0.4393462388639557
0.7391988746734541
0.4393462388639557
0.749782302900395
0.44992966709089655
0.7603657311273359
0.44992966709089655
0.7815325875812176
0.44992966709089655
0.7921160158081584
0.4605130953178374
0.8132828722620401
0.4605130953178374
0.8238663004889809
0.4605130953178374
0.8344497287159218
0.4605130953178374
0.8450331569428626
0.4605130953178374
0.8556165851698035
0.4605130953178374
0.8767834416236852
0.4605130953178374
0.8873668698506261
0.4605130953178374
0.8979502980775669
0.4605130953178374
0.9085337263045078
0.4605130953178374
0.9191171545314486
0.44992966709089655
0.9402840109853303
0.44992966709089655
0.9508674392122711
0.44992966709089655
0.961450867439212
0.44992966709089655
0.9720342956661528
0.4393462388639557
0.9826177238930938
0.4393462388639557
1
0
0
0
