0.17476522620114548
-1.0
0.16607567314811192
-0.9739313408408994
0.16607567314811192
-0.9478626816817987
0.15738612009507838
-0.9131044694696645
0.15738612009507838
-0.8957253633635974
0.15738612009507838
-0.8696567042044967
0.1486965670420448
-0.826208938939329
0.14000701398901128
-0.7914507267271947
0.14000701398901128
-0.7566925145150606
0.1313174609359777
-0.7132447492498928
0.1313174609359777
-0.6958656431438257
0.12262790788294417
-0.6611074309316914
0.11393835482991062
-0.6263492187195573
0.10524880177687707
-0.5829014534543895
0.09655924872384351
-0.5481432412422553
0.09655924872384351
-0.5307641351361883
0.08786969567080996
-0.496005922924054
0.07918014261777641
-0.4612477107119198
0.07918014261777641
-0.42648949849978557
0.07049058956474286
-0.39173128628765136
0.061801036511709304
-0.3482835210224836
0.061801036511709304
-0.33090441491641653
0.05311148345867575
-0.2961462027042823
0.0444219304056422
-0.2613879904921481
0.0444219304056422
-0.2266297782800139
0.035732377352608646
-0.1918715660678797
0.035732377352608646
-0.18318201301484616
0.027042824299575094
-0.14842380080271195
0.018353271246541545
-0.12235514164361128
0.009663718193507993
-0.08759692943147708
9.741651404744406E-4
-0.061528270272376416
9.741651404744406E-4
-0.035459611113275766
-0.007715387912559111
-0.00939095195417511
-0.01640494096559266
0.016677707204925545
-0.01640494096559266
0.05143591941705975
-0.025094494018626214
0.0775045785761604
-0.04247360012469332
0.10357323773526106
-0.04247360012469332
0.11226279078829461
-0.05116315317772687
0.13833144994739527
-0.05985270623076042
0.1644001091064959
-0.06854225928379397
0.18177921521256302
-0.07723181233682752
0.2078478743716637
-0.07723181233682752
0.21653742742469723
-0.08592136538986107
0.23391653353076433
-0.09461091844289463
0.25129563963683144
-0.10330047149592818
0.2773642987959321
-0.12067957760199528
0.28605385184896565
-0.12936913065502884
0.3034329579550328
-0.13805868370806237
0.3121225110080663
-0.15543778981412948
0.32081206406109986
-0.16412734286716305
0.33819117016716693
-0.1901960020262637
0.3468807232202005
-0.2075751081323308
0.35557027627323406
-0.21626466118536436
0.35557027627323406
-0.2249542142383979
0.3642598293262676
-0.242333320344465
0.3642598293262676
-0.2597124264505321
0.37294938237930114
-0.26840197950356565
0.37294938237930114
-0.27709153255659924
0.37294938237930114
-0.2857810856096328
0.37294938237930114
-0.30316019171569986
0.37294938237930114
-0.3118497447687334
0.37294938237930114
-0.3292288508748005
0.3642598293262676
-0.3466079569808676
0.3642598293262676
-0.3466079569808676
0.35557027627323406
-0.36398706308693474
0.3468807232202005
-0.3726766161399683
0.33819117016716693
-0.3900557222460354
0.3295016171141334
-0.39874527529906895
0.32081206406109986
-0.4074348283521025
0.3121225110080663
-0.416124381405136
0.2947434049019992
-0.43350348751120316
0.2773642987959321
-0.45088259361727023
0.25129563963683144
-0.45957214667030377
0.23391653353076433
-0.4769512527763709
0.21653742742469723
-0.4769512527763709
0.2078478743716637
-0.494330358882438
0.18177921521256302
-0.5030199119354716
0.1644001091064959
-0.5203990180415387
0.1470210030004288
-0.5290885710945722
0.12095234384132816
-0.5290885710945722
0.11226279078829461
-0.5377781241476057
0.0948836846822275
-0.5464676772006393
0.06881502552312685
-0.5464676772006393
0.05143591941705975
-0.5551572302536729
0.03405681331099265
-0.5638467833067065
0.007988154151891995
-0.5638467833067065
-7.013989011415577E-4
-0.57253633635974
-0.01808050500720866
-0.57253633635974
-0.035459611113275766
-0.57253633635974
-0.061528270272376416
-0.57253633635974
-0.07890737637844353
-0.5638467833067065
-0.08759692943147708
-0.5638467833067065
-0.10497603553754417
-0.5638467833067065
-0.12235514164361128
-0.5551572302536729
-0.14842380080271195
-0.5464676772006393
-0.16580290690877905
-0.5377781241476057
-0.18318201301484616
-0.5377781241476057
-0.1918715660678797
-0.5203990180415387
-0.2092506721739468
-0.5117094649885051
-0.21794022522698034
-0.494330358882438
-0.23531933133304744
-0.48564080582940444
-0.2526984374391146
-0.46826169972333737
-0.2613879904921481
-0.45957214667030377
-0.27007754354518165
-0.4421930405642367
-0.2787670965982152
-0.4248139344581696
-0.2961462027042823
-0.4074348283521025
-0.2961462027042823
-0.3900557222460354
-0.30483575575731586
-0.3900557222460354
-0.3135253088103494
-0.3726766161399683
-0.3135253088103494
-0.3552975100339012
-0.322214861863383
-0.33791840392783407
-0.322214861863383
-0.320539297821767
-0.322214861863383
-0.30316019171569986
-0.322214861863383
-0.2857810856096328
-0.322214861863383
-0.26840197950356565
-0.3135253088103494
-0.2597124264505321
-0.3135253088103494
-0.242333320344465
-0.30483575575731586
-0.23364376729143146
-0.30483575575731586
-0.21626466118536436
-0.2961462027042823
-0.2075751081323308
-0.2874566496512488
-0.1901960020262637
-0.2787670965982152
-0.17281689592019658
-0.27007754354518165
-0.16412734286716305
-0.2613879904921481
-0.14674823676109594
-0.2526984374391146
-0.13805868370806237
-0.23531933133304744
-0.12067957760199528
-0.2266297782800139
-0.11199002454896173
-0.2092506721739468
-0.09461091844289463
-0.20056111912091323
-0.08592136538986107
-0.1918715660678797
-0.07723181233682752
-0.18318201301484616
-0.06854225928379397
-0.16580290690877905
-0.05985270623076042
-0.15711335385574549
-0.05116315317772687
-0.13973424774967838
-0.05116315317772687
-0.13104469469664484
-0.04247360012469332
-0.12235514164361128
-0.033784047071659766
-0.10497603553754417
-0.025094494018626214
-0.09628648248451063
-0.01640494096559266
-0.07890737637844353
9.741651404744406E-4
-0.061528270272376416
9.741651404744406E-4
-0.05283871721934287
0.009663718193507993
-0.04414916416630932
0.018353271246541545
-0.035459611113275766
0.027042824299575094
-0.01808050500720866
0.035732377352608646
-0.00939095195417511
0.0444219304056422
-7.013989011415577E-4
0.05311148345867575
0.007988154151891995
0.05311148345867575
0.025367260257959098
0.061801036511709304
0.03405681331099265
0.07918014261777641
0.05143591941705975
0.08786969567080996
0.060125472470093304
0.08786969567080996
0.06881502552312685
0.10524880177687707
0.0775045785761604
0.11393835482991062
0.0948836846822275
0.12262790788294417
0.10357323773526106
0.1313174609359777
0.11226279078829461
0.14000701398901128
0.12095234384132816
0.1486965670420448
0.12964189689436173
0.15738612009507838
0.13833144994739527
0.16607567314811192
0.15571055605346237
0.17476522620114548
0.1644001091064959
0.18345477925417902
0.17308966215952948
0.1921443323072126
0.18177921521256302
0.20083388536024613
0.19046876826559658
0.21821299146631323
0.2078478743716637
0.22690254451934677
0.21653742742469723
0.23559209757238034
0.2252269804777308
0.24428165062541388
0.23391653353076433
0.25297120367844744
0.2426060865837979
0.261660756731481
0.25129563963683144
0.2703503097845145
0.259985192689865
0.28772941589058165
0.26867474574289857
0.28772941589058165
0.2773642987959321
0.2964189689436152
0.28605385184896565
0.30510852199664873
0.2947434049019992
0.3137980750496823
0.2947434049019992
0.32248762810271586
0.3034329579550328
0.3311771811557494
0.3121225110080663
0.33986673420878294
0.3121225110080663
0.34855628726181653
0.32081206406109986
0.35724584031485007
0.3295016171141334
0.3659353933678836
0.3295016171141334
0.37462494642091715
0.3295016171141334
0.3833144994739507
0.3295016171141334
0.3920040525269843
0.3295016171141334
0.4006936055800178
0.3295016171141334
0.40938315863305136
0.3295016171141334
0.4180727116860849
0.32081206406109986
0.4267622647391185
0.3121225110080663
0.43545181779215203
0.3121225110080663
0.44414137084518557
0.3034329579550328
0.4528309238982191
0.3034329579550328
0.4615204769512527
0.2947434049019992
0.4788995830573198
0.28605385184896565
0.4788995830573198
0.2773642987959321
0.4962786891633869
0.26867474574289857
0.4962786891633869
0.259985192689865
0.5049682422164204
0.25129563963683144
0.513657795269454
0.2426060865837979
0.5223473483224875
0.23391653353076433
0.5310369013755211
0.2252269804777308
0.5397264544285546
0.21653742742469723
0.5484160074815881
0.21653742742469723
0.5484160074815881
0.2078478743716637
0.5571055605346218
0.19046876826559658
0.5657951135876553
0.18177921521256302
0.5657951135876553
0.17308966215952948
0.5657951135876553
0.1644001091064959
0.5744846666406889
0.1470210030004288
0.5744846666406889
0.13833144994739527
0.5831742196937224
0.12964189689436173
0.591863772746756
0.11226279078829461
0.591863772746756
0.10357323773526106
0.591863772746756
0.0948836846822275
0.591863772746756
0.08619413162919395
0.6005533257997895
0.0775045785761604
0.6005533257997895
0.06881502552312685
0.6005533257997895
0.060125472470093304
0.609242878852823
0.060125472470093304
0.609242878852823
0.05143591941705975
0.609242878852823
0.0427463663640262
0.6005533257997895
0.0427463663640262
0.609242878852823
0.0427463663640262
1
0
0
0
