0.3880617590295008
-1.0
0.3880617590295008
-0.9897527800753607
0.3880617590295008
-0.9795055601507214
0.3880617590295008
-0.9692583402260821
0.3880617590295008
-0.9590111203014429
0.3880617590295008
-0.9487639003768036
0.3880617590295008
-0.9385166804521643
0.3880617590295008
-0.928269460527525
0.3880617590295008
-0.9180222406028857
0.3880617590295008
-0.9077750206782464
0.3778145391048615
-0.8975278007536072
0.3778145391048615
-0.8872805808289679
0.3778145391048615
-0.8770333609043286
0.3778145391048615
-0.8667861409796893
0.3778145391048615
-0.85653892105505
0.36756731918022223
-0.85653892105505
0.36756731918022223
-0.8462917011304107
0.36756731918022223
-0.8360444812057715
0.36756731918022223
-0.8257972612811322
0.36756731918022223
-0.8155500413564929
0.35732009925558295
-0.8053028214318537
0.35732009925558295
-0.7950556015072144
0.35732009925558295
-0.7848083815825752
0.35732009925558295
-0.7745611616579359
0.34707287933094366
-0.7745611616579359
0.34707287933094366
-0.7643139417332966
0.34707287933094366
-0.7540667218086573
0.34707287933094366
-0.743819501884018
0.34707287933094366
-0.7335722819593787
0.34707287933094366
-0.7233250620347395
0.3368256594063044
-0.7130778421101002
0.3368256594063044
-0.7028306221854609
0.3368256594063044
-0.6925834022608216
0.3265784394816651
-0.6925834022608216
0.3265784394816651
-0.6823361823361823
0.3265784394816651
-0.672088962411543
0.3163312195570258
-0.672088962411543
0.3163312195570258
-0.6618417424869038
0.3163312195570258
-0.6515945225622645
0.3060839996323866
-0.6413473026376252
0.3060839996323866
-0.6311000827129859
0.3060839996323866
-0.6208528627883466
0.2958367797077473
-0.6106056428637073
0.2958367797077473
-0.600358422939068
0.2958367797077473
-0.5901112030144288
0.2958367797077473
-0.5798639830897895
0.285589559783108
-0.5696167631651502
0.27534233985846873
-0.5593695432405109
0.27534233985846873
-0.5491223233158716
0.27534233985846873
-0.5388751033912323
0.26509511993382945
-0.5388751033912323
0.26509511993382945
-0.5286278834665931
0.26509511993382945
-0.5183806635419538
0.25484790000919016
-0.5081334436173145
0.24460068008455088
-0.49788622369267527
0.24460068008455088
-0.487639003768036
0.24460068008455088
-0.4773917838433967
0.2343534601599116
-0.4671445639187574
0.2343534601599116
-0.45689734399411813
0.2241062402352723
-0.44665012406947885
0.2241062402352723
-0.43640290414483957
0.2241062402352723
-0.4261556842202003
0.21385902031063303
-0.4056612443709217
0.21385902031063303
-0.39541402444628243
0.20361180038599375
-0.39541402444628243
0.20361180038599375
-0.38516680452164315
0.20361180038599375
-0.3646723646723646
0.19336458046135446
-0.3544251447477253
0.19336458046135446
-0.344177924823086
0.18311736053671518
-0.3339307048984468
0.18311736053671518
-0.3236834849738075
0.18311736053671518
-0.3134362650491682
0.1728701406120759
-0.30318904512452893
0.16262292068743664
-0.29294182519988965
0.16262292068743664
-0.28269460527525037
0.15237570076279736
-0.2622001654259718
0.14212848083815807
-0.2519529455013325
0.14212848083815807
-0.24170572557669323
0.1318812609135188
-0.24170572557669323
0.1318812609135188
-0.23145850565205395
0.1216340409888795
-0.21096406580277538
0.11138682106424022
-0.21096406580277538
0.11138682106424022
-0.19046962595349684
0.10113960113960095
-0.19046962595349684
0.10113960113960095
-0.18022240602885756
0.09089238121496167
-0.18022240602885756
0.08064516129032238
-0.159727966179579
0.08064516129032238
-0.1494807462549397
0.0703979413656831
-0.13923352633030042
0.0703979413656831
-0.12898630640566114
0.060150721441043824
-0.11873908648102187
0.060150721441043824
-0.10849186655638259
0.04990350151640454
-0.0982446466317433
0.04990350151640454
-0.08799742670710402
0.03965628159176526
-0.07775020678246475
0.03965628159176526
-0.05725576693318618
0.02940906166712598
-0.047008547008546904
0.0191618417424867
-0.02651410715926834
0.00891462181784742
-0.01626688723462906
0.00891462181784742
-0.006019667309989779
-0.0013325981067918618
0.004227552614649501
-0.0013325981067918618
0.014474772539288782
-0.011579818031431143
0.024721992463928064
-0.02182703795607042
0.034969212388567344
-0.02182703795607042
0.04521643231320662
-0.0320742578807097
0.055463652237845905
-0.042321477805348985
0.07595809208712447
-0.05256869772998826
0.08620531201176375
-0.06281591765462755
0.1066997518610423
-0.07306313757926683
0.11694697178568159
-0.07306313757926683
0.12719419171032087
-0.08331035750390611
0.12719419171032087
-0.08331035750390611
0.13744141163496015
-0.09355757742854538
0.14768863155959944
-0.09355757742854538
0.15793585148423872
-0.10380479735318467
0.168183071408878
-0.11405201727782395
0.17843029133351726
-0.11405201727782395
0.18867751125815654
-0.11405201727782395
0.19892473118279583
-0.12429923720246323
0.19892473118279583
-0.12429923720246323
0.2091719511074351
-0.12429923720246323
0.22966639095671368
-0.1345464571271025
0.22966639095671368
-0.1345464571271025
0.23991361088135296
-0.1447936770517418
0.2501608308059922
-0.1447936770517418
0.2604080507306315
-0.1447936770517418
0.2706552706552708
-0.15504089697638107
0.2706552706552708
-0.15504089697638107
0.28090249057991007
-0.15504089697638107
0.29114971050454935
-0.16528811690102035
0.29114971050454935
-0.16528811690102035
0.30139693042918864
-0.16528811690102035
0.3116441503538279
-0.16528811690102035
0.3218913702784672
-0.17553533682565964
0.3218913702784672
-0.17553533682565964
0.3321385902031065
-0.18578255675029892
0.34238581012774577
-0.18578255675029892
0.35263303005238505
-0.1960297766749382
0.36288024997702434
-0.1960297766749382
0.3731274699016636
-0.20627699659957746
0.3731274699016636
-0.20627699659957746
0.3833746898263029
-0.21652421652421674
0.3833746898263029
-0.21652421652421674
0.3936219097509422
-0.22677143644885603
0.4038691296755815
-0.2370186563734953
0.4038691296755815
-0.2370186563734953
0.4141163496002207
-0.2472658762981346
0.4141163496002207
-0.25751309622277385
0.42436356952486
-0.26776031614741314
0.42436356952486
-0.2780075360720524
0.43461078944949927
-0.2780075360720524
0.44485800937413855
-0.2882547559966917
0.44485800937413855
-0.2882547559966917
0.45510522929877784
-0.298501975921331
0.45510522929877784
-0.30874919584597027
0.4653524492234171
-0.31899641577060955
0.4653524492234171
-0.32924363569524884
0.4653524492234171
-0.3394908556198881
0.4653524492234171
-0.3497380755445274
0.4653524492234171
-0.3599852954691667
0.4653524492234171
-0.37023251539380597
0.4653524492234171
-0.38047973531844526
0.4653524492234171
-0.39072695524308454
0.4653524492234171
-0.4009741751677238
0.4653524492234171
-0.4112213950923631
0.4653524492234171
-0.4214686150170024
0.4653524492234171
-0.4317158349416417
0.4653524492234171
-0.4419630548662809
0.4653524492234171
-0.4419630548662809
0.45510522929877784
-0.4522102747909202
0.45510522929877784
-0.46245749471555947
0.44485800937413855
-0.46245749471555947
0.43461078944949927
-0.47270471464019875
0.43461078944949927
-0.48295193456483804
0.43461078944949927
-0.4931991544894773
0.42436356952486
-0.5034463744141167
0.4141163496002207
-0.5136935943387559
0.4141163496002207
-0.5136935943387559
0.4038691296755815
-0.5239408142633952
0.3936219097509422
-0.5341880341880344
0.3936219097509422
-0.5341880341880344
0.3833746898263029
-0.5444352541126737
0.3833746898263029
-0.5444352541126737
0.3731274699016636
-0.554682474037313
0.3731274699016636
-0.554682474037313
0.36288024997702434
-0.5649296939619523
0.35263303005238505
-0.5751769138865915
0.35263303005238505
-0.5751769138865915
0.34238581012774577
-0.5854241338112308
0.34238581012774577
-0.5854241338112308
0.3321385902031065
-0.5956713537358701
0.3321385902031065
-0.6059185736605094
0.3116441503538279
-0.6161657935851487
0.30139693042918864
-0.626413013509788
0.29114971050454935
-0.6366602334344272
0.2706552706552708
-0.6469074533590665
0.2706552706552708
-0.6469074533590665
0.2604080507306315
-0.6571546732837058
0.2501608308059922
-0.6571546732837058
0.23991361088135296
-0.6674018932083451
0.23991361088135296
-0.6674018932083451
0.22966639095671368
-0.6776491131329844
0.2194191710320744
-0.6776491131329844
0.2091719511074351
-0.6878963330576237
0.19892473118279583
-0.6878963330576237
0.18867751125815654
-0.6878963330576237
0.17843029133351726
-0.6878963330576237
0.168183071408878
-0.6981435529822629
0.15793585148423872
-0.6981435529822629
0.14768863155959944
-0.6981435529822629
0.13744141163496015
-0.7083907729069022
0.12719419171032087
-0.7083907729069022
0.11694697178568159
-0.7083907729069022
0.1066997518610423
-0.7083907729069022
0.08620531201176375
-0.7083907729069022
0.07595809208712447
-0.7083907729069022
0.055463652237845905
-0.7083907729069022
0.04521643231320662
-0.7083907729069022
0.034969212388567344
-0.7083907729069022
0.014474772539288782
-0.7083907729069022
0.004227552614649501
-0.7083907729069022
-0.01626688723462906
-0.6981435529822629
-0.02651410715926834
-0.6981435529822629
-0.047008547008546904
-0.6981435529822629
-0.05725576693318618
-0.6878963330576237
-0.05725576693318618
-0.6878963330576237
-0.06750298685782546
-0.6878963330576237
-0.07775020678246475
-0.6776491131329844
-0.07775020678246475
-0.6776491131329844
-0.08799742670710402
-0.6674018932083451
-0.08799742670710402
-0.6674018932083451
-0.0982446466317433
-0.6571546732837058
-0.10849186655638259
-0.6571546732837058
-0.11873908648102187
-0.6469074533590665
-0.11873908648102187
-0.6469074533590665
-0.12898630640566114
-0.6366602334344272
-0.13923352633030042
-0.626413013509788
-0.13923352633030042
-0.626413013509788
-0.1494807462549397
-0.626413013509788
-0.159727966179579
-0.6161657935851487
-0.159727966179579
-0.6161657935851487
-0.16997518610421827
-0.6161657935851487
-0.18022240602885756
-0.6059185736605094
-0.18022240602885756
-0.6059185736605094
-0.19046962595349684
-0.5956713537358701
-0.20071684587813612
-0.5854241338112308
-0.20071684587813612
-0.5854241338112308
-0.21096406580277538
-0.5751769138865915
-0.21096406580277538
-0.5751769138865915
-0.22121128572741466
-0.5649296939619523
-0.22121128572741466
-0.554682474037313
-0.23145850565205395
-0.5444352541126737
-0.23145850565205395
-0.5444352541126737
-0.24170572557669323
-0.5341880341880344
-0.24170572557669323
-0.5341880341880344
-0.2519529455013325
-0.5239408142633952
-0.2519529455013325
-0.5136935943387559
-0.2519529455013325
-0.5034463744141167
-0.2622001654259718
-0.4931991544894773
-0.2622001654259718
-0.4931991544894773
-0.2724473853506111
-0.48295193456483804
-0.28269460527525037
-0.47270471464019875
-0.28269460527525037
-0.46245749471555947
-0.28269460527525037
-0.4522102747909202
-0.28269460527525037
-0.4419630548662809
-0.29294182519988965
-0.4317158349416417
-0.29294182519988965
-0.4214686150170024
-0.30318904512452893
-0.4112213950923631
-0.30318904512452893
-0.4009741751677238
-0.30318904512452893
-0.39072695524308454
-0.30318904512452893
-0.38047973531844526
-0.30318904512452893
-0.37023251539380597
-0.30318904512452893
-0.3599852954691667
-0.30318904512452893
-0.3497380755445274
-0.30318904512452893
-0.3394908556198881
-0.30318904512452893
-0.32924363569524884
-0.30318904512452893
-0.31899641577060955
-0.30318904512452893
-0.30874919584597027
-0.30318904512452893
-0.298501975921331
-0.30318904512452893
-0.2882547559966917
-0.30318904512452893
-0.2882547559966917
-0.29294182519988965
-0.2780075360720524
-0.29294182519988965
-0.26776031614741314
-0.29294182519988965
-0.26776031614741314
-0.28269460527525037
-0.25751309622277385
-0.28269460527525037
-0.2472658762981346
-0.2724473853506111
-0.2370186563734953
-0.2724473853506111
-0.22677143644885603
-0.2622001654259718
-0.21652421652421674
-0.2519529455013325
-0.20627699659957746
-0.2519529455013325
-0.1960297766749382
-0.24170572557669323
-0.1960297766749382
-0.23145850565205395
-0.18578255675029892
-0.23145850565205395
-0.16528811690102035
-0.22121128572741466
-0.15504089697638107
-0.22121128572741466
-0.15504089697638107
-0.21096406580277538
-0.1447936770517418
-0.21096406580277538
-0.1345464571271025
-0.20071684587813612
-0.12429923720246323
-0.20071684587813612
-0.12429923720246323
-0.19046962595349684
-0.11405201727782395
-0.19046962595349684
-0.10380479735318467
-0.18022240602885756
-0.09355757742854538
-0.16997518610421827
-0.08331035750390611
-0.16997518610421827
-0.07306313757926683
-0.159727966179579
-0.07306313757926683
-0.1494807462549397
-0.06281591765462755
-0.1494807462549397
-0.06281591765462755
-0.13923352633030042
-0.05256869772998826
-0.13923352633030042
-0.042321477805348985
-0.13923352633030042
-0.042321477805348985
-0.12898630640566114
-0.0320742578807097
-0.12898630640566114
-0.02182703795607042
-0.11873908648102187
-0.011579818031431143
-0.10849186655638259
-0.0013325981067918618
-0.10849186655638259
-0.0013325981067918618
-0.0982446466317433
0.00891462181784742
-0.0982446466317433
0.00891462181784742
-0.08799742670710402
0.0191618417424867
-0.08799742670710402
0.0191618417424867
-0.07775020678246475
0.02940906166712598
-0.07775020678246475
0.02940906166712598
-0.06750298685782546
0.03965628159176526
-0.05725576693318618
0.04990350151640454
-0.05725576693318618
0.04990350151640454
-0.047008547008546904
0.060150721441043824
-0.047008547008546904
0.060150721441043824
-0.03676132708390762
0.0703979413656831
-0.03676132708390762
0.0703979413656831
-0.02651410715926834
0.08064516129032238
-0.01626688723462906
0.09089238121496167
-0.01626688723462906
0.09089238121496167
-0.006019667309989779
0.10113960113960095
-0.006019667309989779
0.10113960113960095
0.004227552614649501
0.11138682106424022
0.004227552614649501
0.1216340409888795
0.014474772539288782
0.1318812609135188
0.024721992463928064
0.14212848083815807
0.034969212388567344
0.15237570076279736
0.04521643231320662
0.16262292068743664
0.055463652237845905
0.1728701406120759
0.06571087216248518
0.18311736053671518
0.06571087216248518
0.18311736053671518
0.07595809208712447
0.19336458046135446
0.07595809208712447
0.20361180038599375
0.08620531201176375
0.21385902031063303
0.09645253193640303
0.21385902031063303
0.1066997518610423
0.2241062402352723
0.1066997518610423
0.2241062402352723
0.11694697178568159
0.2343534601599116
0.11694697178568159
0.24460068008455088
0.12719419171032087
0.25484790000919016
0.13744141163496015
0.25484790000919016
0.14768863155959944
0.26509511993382945
0.14768863155959944
0.26509511993382945
0.15793585148423872
0.27534233985846873
0.15793585148423872
0.27534233985846873
0.168183071408878
0.285589559783108
0.168183071408878
0.2958367797077473
0.17843029133351726
0.2958367797077473
0.18867751125815654
0.3060839996323866
0.18867751125815654
0.3060839996323866
0.19892473118279583
0.3163312195570258
0.19892473118279583
0.3163312195570258
0.2091719511074351
0.3265784394816651
0.2091719511074351
0.3368256594063044
0.2194191710320744
0.3368256594063044
0.22966639095671368
0.34707287933094366
0.22966639095671368
0.34707287933094366
0.23991361088135296
0.35732009925558295
0.23991361088135296
0.35732009925558295
0.2501608308059922
0.36756731918022223
0.2501608308059922
0.3778145391048615
0.2706552706552708
0.3880617590295008
0.2706552706552708
0.3880617590295008
0.29114971050454935
0.3983089789541401
0.29114971050454935
0.40855619887877936
0.30139693042918864
0.41880341880341865
0.30139693042918864
0.41880341880341865
0.3116441503538279
0.42905063872805793
0.3116441503538279
0.4392978586526972
0.3116441503538279
0.4495450785773365
0.3218913702784672
0.4495450785773365
0.3321385902031065
0.4597922985019758
0.3321385902031065
0.47003951842661507
0.34238581012774577
0.48028673835125435
0.34238581012774577
0.48028673835125435
0.35263303005238505
0.49053395827589363
0.35263303005238505
0.49053395827589363
0.36288024997702434
0.5007811782005329
0.36288024997702434
0.5007811782005329
0.3731274699016636
0.5110283981251722
0.3731274699016636
0.5212756180498115
0.3833746898263029
0.5315228379744508
0.3936219097509422
0.54177005789909
0.4038691296755815
0.54177005789909
0.4141163496002207
0.5520172778237293
0.4141163496002207
0.5622644977483686
0.4141163496002207
0.5622644977483686
0.42436356952486
0.5725117176730079
0.42436356952486
0.5827589375976472
0.42436356952486
0.5827589375976472
0.43461078944949927
0.5930061575222865
0.43461078944949927
0.6032533774469256
0.44485800937413855
0.6135005973715649
0.44485800937413855
0.6135005973715649
0.45510522929877784
0.6237478172962042
0.45510522929877784
0.6237478172962042
0.4653524492234171
0.6339950372208435
0.4653524492234171
0.6442422571454828
0.4653524492234171
0.6544894770701221
0.4755996691480564
0.6647366969947613
0.4755996691480564
0.6647366969947613
0.4858468890726957
0.6749839169194006
0.4858468890726957
0.6852311368440399
0.4858468890726957
0.6852311368440399
0.49609410899733497
0.6954783567686792
0.49609410899733497
0.6954783567686792
0.5063413289219743
0.7057255766933185
0.5063413289219743
0.7159727966179578
0.5063413289219743
0.726220016542597
0.5165885488466135
0.7364672364672363
0.5165885488466135
0.7467144563918756
0.5165885488466135
0.7569616763165149
0.5165885488466135
0.7672088962411542
0.5165885488466135
0.7672088962411542
0.5268357687712528
0.7774561161657935
0.5268357687712528
0.7877033360904327
0.5268357687712528
0.797950556015072
0.5268357687712528
0.8081977759397113
0.5268357687712528
0.8081977759397113
0.5370829886958921
0.8184449958643506
0.5370829886958921
0.8286922157889899
0.5370829886958921
0.8389394357136292
0.5473302086205314
0.8491866556382685
0.5473302086205314
0.8594338755629077
0.5473302086205314
0.869681095487547
0.5473302086205314
0.8799283154121863
0.5473302086205314
0.8901755353368256
0.5473302086205314
0.9004227552614649
0.5473302086205314
0.9106699751861042
0.5473302086205314
0.9209171951107434
0.5473302086205314
0.9311644150353827
0.5473302086205314
0.941411634960022
0.5473302086205314
0.9516588548846613
0.5473302086205314
1
0
0
0
