0.10973492302349783
-1.0
0.10973492302349783
-0.9904309912412702
0.10973492302349783
-0.9808619824825404
0.10016591426476804
-0.9617239649650808
0.10016591426476804
-0.952154956206351
0.10016591426476804
-0.9425859474476213
0.10016591426476804
-0.9330169386888915
0.10016591426476804
-0.9138789211714319
0.10016591426476804
-0.9043099124127021
0.10016591426476804
-0.8947409036539723
0.10016591426476804
-0.8851718948952425
0.10016591426476804
-0.8660338773777829
0.10016591426476804
-0.8564648686190531
0.10016591426476804
-0.8468958598603233
0.09059690550603824
-0.8277578423428638
0.09059690550603824
-0.818188833584134
0.09059690550603824
-0.8086198248254042
0.09059690550603824
-0.7990508160666744
0.09059690550603824
-0.7799127985492148
0.09059690550603824
-0.7607747810317552
0.09059690550603824
-0.7416367635142956
0.08102789674730845
-0.7224987459968361
0.08102789674730845
-0.7129297372381063
0.08102789674730845
-0.6937917197206467
0.08102789674730845
-0.6746537022031871
0.08102789674730845
-0.6555156846857275
0.08102789674730845
-0.6459466759269977
0.08102789674730845
-0.6363776671682679
0.08102789674730845
-0.6172396496508084
0.07145888798857866
-0.5981016321333488
0.07145888798857866
-0.5789636146158892
0.07145888798857866
-0.5598255970984296
0.07145888798857866
-0.54068757958097
0.07145888798857866
-0.5311185708222402
0.07145888798857866
-0.5024115445460509
0.06188987922984887
-0.4832735270285913
0.06188987922984887
-0.4545665007524019
0.06188987922984887
-0.4354284832349423
0.06188987922984887
-0.42585947447621253
0.05232087047111908
-0.39715244820002316
0.05232087047111908
-0.3780144306825636
0.04275186171238929
-0.34930740440637414
0.04275186171238929
-0.33016938688891456
0.04275186171238929
-0.3014623606127252
0.0331828529536595
-0.2918933518539954
0.0331828529536595
-0.2727553343365358
0.023613844194929706
-0.24404830806034647
0.023613844194929706
-0.2249102905428869
0.023613844194929706
-0.2057722730254273
0.014044835436199915
-0.18663425550796772
0.014044835436199915
-0.15792722923177835
0.014044835436199915
-0.13878921171431877
0.004475826677470123
-0.10051317667939959
0.004475826677470123
-0.07180615040321021
-0.005093182081259668
-0.05266813288575063
-0.005093182081259668
-0.03353011536829105
-0.01466219083998946
-0.014392097850831466
-0.01466219083998946
0.014314928425357908
-0.024231199598719253
0.04302195470154729
-0.024231199598719253
0.07172898097773665
-0.024231199598719253
0.08129798973646644
-0.024231199598719253
0.11000501601265582
-0.03380020835744904
0.1387120422888452
-0.03380020835744904
0.16741906856503458
-0.04336921711617883
0.19612609484122395
-0.04336921711617883
0.22483312111741333
-0.04336921711617883
0.23440212987614312
-0.05293822587490862
0.2535401473936027
-0.06250723463363841
0.2822471736697921
-0.06250723463363841
0.30138519118725166
-0.0720762433923682
0.32052320870471124
-0.0720762433923682
0.33009221746344103
-0.081645252151098
0.3492302349809006
-0.09121426090982779
0.3683682524983602
-0.10078326966855758
0.37793726125709
-0.11035227842728737
0.3875062700158198
-0.11992128718601716
0.39707527877454957
-0.12949029594474695
0.41621329629200915
-0.13905930470347674
0.42578230505073894
-0.14862831346220653
0.4449203225681985
-0.15819732222093633
0.4544893313269283
-0.1773353397383959
0.4640583400856581
-0.1773353397383959
0.4736273488443879
-0.1964733572558555
0.4831963576031177
-0.21561137477331507
0.4831963576031177
-0.22518038353204486
0.4927653663618475
-0.24431840104950445
0.5023343751205773
-0.25388740980823427
0.5023343751205773
-0.27302542732569385
0.5119033838793071
-0.29216344484315343
0.5119033838793071
-0.311301462360613
0.5214723926380369
-0.3304394798780726
0.5214723926380369
-0.3400084886368024
0.5214723926380369
-0.3495774973955322
0.5214723926380369
-0.36871551491299176
0.5214723926380369
-0.37828452367172155
0.5214723926380369
-0.39742254118918113
0.5119033838793071
-0.4069915499479109
0.5119033838793071
-0.4165605587066407
0.5023343751205773
-0.4356985762241003
0.5023343751205773
-0.4452675849828301
0.4927653663618475
-0.46440560250028967
0.4831963576031177
-0.47397461125901946
0.4736273488443879
-0.49311262877647905
0.4640583400856581
-0.49311262877647905
0.4544893313269283
-0.5026816375352088
0.4449203225681985
-0.5122506462939386
0.43535131380946873
-0.5313886638113982
0.42578230505073894
-0.540957672570128
0.40664428753327936
-0.5505266813288577
0.3875062700158198
-0.5600956900875875
0.37793726125709
-0.5696646988463173
0.3587992437396304
-0.5792337076050471
0.3396612262221708
-0.5888027163637769
0.33009221746344103
-0.5888027163637769
0.32052320870471124
-0.5983717251225067
0.30138519118725166
-0.5983717251225067
0.2822471736697921
-0.6079407338812365
0.2726781649110623
-0.6079407338812365
0.2535401473936027
-0.6079407338812365
0.2439711386348729
-0.6079407338812365
0.22483312111741333
-0.6079407338812365
0.20569510359995374
-0.6079407338812365
0.19612609484122395
-0.6079407338812365
0.17698807732376437
-0.6079407338812365
0.148281051047575
-0.6079407338812365
0.1387120422888452
-0.5983717251225067
0.11957402477138562
-0.5888027163637769
0.10043600725392603
-0.5888027163637769
0.08129798973646644
-0.5792337076050471
0.06215997221900687
-0.5696646988463173
0.04302195470154729
-0.5696646988463173
0.03345294594281749
-0.5600956900875875
0.014314928425357908
-0.5505266813288577
-0.004823089092101674
-0.540957672570128
-0.02396110660956126
-0.5313886638113982
-0.03353011536829105
-0.5218196550526684
-0.04309912412702084
-0.5122506462939386
-0.06223714164448042
-0.5026816375352088
-0.08137515916194
-0.49311262877647905
-0.0909441679206698
-0.47397461125901946
-0.11008218543812938
-0.46440560250028967
-0.11965119419685917
-0.4548365937415599
-0.12922020295558898
-0.4452675849828301
-0.14835822047304856
-0.4356985762241003
-0.15792722923177835
-0.4261295674653705
-0.16749623799050814
-0.4165605587066407
-0.18663425550796772
-0.4069915499479109
-0.18663425550796772
-0.38785353243045134
-0.1962032642666975
-0.37828452367172155
-0.2057722730254273
-0.35914650615426197
-0.2153412817841571
-0.3495774973955322
-0.2153412817841571
-0.3304394798780726
-0.2153412817841571
-0.311301462360613
-0.2249102905428869
-0.29216344484315343
-0.2249102905428869
-0.27302542732569385
-0.23447929930161668
-0.25388740980823427
-0.23447929930161668
-0.23474939229077466
-0.23447929930161668
-0.21561137477331507
-0.24404830806034647
-0.20604236601458528
-0.24404830806034647
-0.1869043484971257
-0.23447929930161668
-0.16776633097966612
-0.23447929930161668
-0.14862831346220653
-0.23447929930161668
-0.12949029594474695
-0.23447929930161668
-0.11992128718601716
-0.2249102905428869
-0.10078326966855758
-0.2153412817841571
-0.081645252151098
-0.2153412817841571
-0.0720762433923682
-0.2057722730254273
-0.05293822587490862
-0.1962032642666975
-0.03380020835744904
-0.18663425550796772
-0.024231199598719253
-0.17706524674923793
-0.01466219083998946
-0.16749623799050814
0.004475826677470123
-0.15792722923177835
0.014044835436199915
-0.13878921171431877
0.0331828529536595
-0.12922020295558898
0.05232087047111908
-0.11008218543812938
0.06188987922984887
-0.11008218543812938
0.07145888798857866
-0.10051317667939959
0.09059690550603824
-0.08137515916194
0.10016591426476804
-0.07180615040321021
0.11930393178222762
-0.05266813288575063
0.1288729405409574
-0.05266813288575063
0.1384419492996872
-0.04309912412702084
0.15757996681714678
-0.03353011536829105
0.16714897557587657
-0.014392097850831466
0.18628699309333616
-0.004823089092101674
0.19585600185206595
0.004745919666628118
0.20542501061079574
0.014314928425357908
0.21499401936952553
0.0238839371840877
0.22456302812825532
0.03345294594281749
0.2341320368869851
0.04302195470154729
0.2437010456457149
0.05259096346027708
0.2532700544044447
0.06215997221900687
0.2628390631631745
0.07172898097773665
0.2819770806806341
0.09086699849519624
0.2915460894393639
0.10043600725392603
0.3011150981980937
0.11000501601265582
0.32025311571555326
0.12914303353011541
0.32982212447428305
0.12914303353011541
0.33939113323301284
0.148281051047575
0.34896014199174263
0.16741906856503458
0.3585291507504724
0.17698807732376437
0.3680981595092022
0.18655708608249416
0.377667168267932
0.19612609484122395
0.3872361770266618
0.20569510359995374
0.4063741945441214
0.22483312111741333
0.41594320330285117
0.23440212987614312
0.43508122082031075
0.2439711386348729
0.44465022957904055
0.2631091561523325
0.45421923833777034
0.2631091561523325
0.46378824709650013
0.2726781649110623
0.4733572558552299
0.2822471736697921
0.4924952733726895
0.29181618242852186
0.5020642821314193
0.30138519118725166
0.5116332908901491
0.30138519118725166
0.5212022996488789
0.31095419994598145
0.5212022996488789
0.32052320870471124
0.5307713084076087
0.32052320870471124
0.5499093259250682
0.33009221746344103
0.559478334683798
0.3396612262221708
0.5690473434425278
0.3396612262221708
0.5786163522012576
0.3492302349809006
0.5881853609599874
0.3492302349809006
0.607323378477447
0.3587992437396304
0.6168923872361768
0.3587992437396304
0.6264613959949066
0.3587992437396304
0.6360304047536364
0.3587992437396304
0.6455994135123662
0.3587992437396304
0.655168422271096
0.3587992437396304
0.6647374310298257
0.3587992437396304
0.6743064397885555
0.3587992437396304
0.6838754485472853
0.3587992437396304
0.7030134660647449
0.3587992437396304
0.7125824748234747
0.3492302349809006
0.7221514835822045
0.3492302349809006
0.7317204923409343
0.3492302349809006
0.7412895010996641
0.3492302349809006
0.7508585098583939
0.3396612262221708
0.7604275186171237
0.33009221746344103
0.7795655361345832
0.32052320870471124
0.789134544893313
0.31095419994598145
0.8082725624107726
0.30138519118725166
0.8178415711695024
0.29181618242852186
0.8274105799282322
0.2822471736697921
0.836979588686962
0.2726781649110623
0.8465485974456918
0.2631091561523325
0.8561176062044216
0.2535401473936027
0.8561176062044216
0.2439711386348729
1
0
0
0
