0.011506982523432699
-1.0
0.011506982523432699
-0.98390102914562
0.019556467950622672
-0.9758515437184301
0.019556467950622672
-0.9597525728640501
0.019556467950622672
-0.9517030874368602
0.019556467950622672
-0.9436536020096702
0.019556467950622672
-0.9356041165824802
0.019556467950622672
-0.9275546311552902
0.019556467950622672
-0.9195051457281003
0.027605953377812645
-0.9114556603009103
0.027605953377812645
-0.8953566894465304
0.027605953377812645
-0.8873072040193404
0.027605953377812645
-0.8712082331649604
0.027605953377812645
-0.8631587477377705
0.03565543880500262
-0.8470597768833905
0.03565543880500262
-0.8390102914562005
0.03565543880500262
-0.8229113206018206
0.03565543880500262
-0.8148618351746306
0.03565543880500262
-0.8068123497474406
0.03565543880500262
-0.7987628643202507
0.03565543880500262
-0.7826638934658707
0.03565543880500262
-0.7746144080386808
0.03565543880500262
-0.7665649226114908
0.04370492423219259
-0.7504659517571108
0.04370492423219259
-0.7424164663299209
0.04370492423219259
-0.7263174954755409
0.04370492423219259
-0.710218524621161
0.04370492423219259
-0.694119553766781
0.04370492423219259
-0.686070068339591
0.04370492423219259
-0.6699710974852111
0.04370492423219259
-0.6619216120580211
0.04370492423219259
-0.6458226412036412
0.051754409659382564
-0.6297236703492612
0.04370492423219259
-0.6216741849220713
0.04370492423219259
-0.6055752140676913
0.04370492423219259
-0.5894762432133114
0.04370492423219259
-0.5733772723589314
0.04370492423219259
-0.5572783015045515
0.04370492423219259
-0.5411793306501715
0.04370492423219259
-0.5331298452229816
0.04370492423219259
-0.5089813889414116
0.04370492423219259
-0.4928824180870317
0.04370492423219259
-0.4687339618054618
0.04370492423219259
-0.45263499095108184
0.04370492423219259
-0.4365360200967019
0.04370492423219259
-0.42043704924232195
0.04370492423219259
-0.39628859296075203
0.04370492423219259
-0.3721401366791821
0.04370492423219259
-0.35604116582480216
0.03565543880500262
-0.3479916803976122
0.03565543880500262
-0.33189270954323224
0.03565543880500262
-0.3077442532616623
0.03565543880500262
-0.2916452824072824
0.03565543880500262
-0.26749682612571246
0.027605953377812645
-0.2513978552713325
0.027605953377812645
-0.24334836984414254
0.027605953377812645
-0.2272493989897626
0.027605953377812645
-0.21115042813538265
0.027605953377812645
-0.18700197185381273
0.019556467950622672
-0.17090300099943279
0.019556467950622672
-0.1628535155722428
0.019556467950622672
-0.1387050592906729
0.019556467950622672
-0.12260608843629293
0.011506982523432699
-0.10650711758191299
0.011506982523432699
-0.09845763215472302
0.003457497096242725
-0.0743091758731531
0.003457497096242725
-0.06625969044596312
0.003457497096242725
-0.05016071959158318
-0.004591988330947248
-0.03406174873720323
-0.004591988330947248
-0.017962777882823286
-0.012641473758137222
-0.0018638070284433404
-0.012641473758137222
0.006185678398746633
-0.020690959185327193
0.02228464925312658
-0.020690959185327193
0.038383620107506525
-0.028740444612517166
0.05448259096188647
-0.028740444612517166
0.07058156181626642
-0.03678993003970714
0.07863104724345639
-0.03678993003970714
0.09473001809783634
-0.04483941546689711
0.11082898895221628
-0.052888900894087085
0.12692795980659624
-0.06093838632127706
0.1430269306609762
-0.06898787174846703
0.15912590151535613
-0.06898787174846703
0.1671753869425461
-0.077037357175657
0.18327435779692605
-0.077037357175657
0.199373328651306
-0.08508684260284698
0.21547229950568594
-0.09313632803003695
0.2315712703600659
-0.09313632803003695
0.23962075578725586
-0.10118581345722692
0.24767024121444584
-0.1092352988844169
0.26376921206882575
-0.11728478431160687
0.2798681829232057
-0.12533426973879686
0.29596715377758565
-0.13338375516598683
0.3040166392047756
-0.1414332405931768
0.3120661246319656
-0.14948272602036677
0.32816509548634554
-0.14948272602036677
0.3362145809135355
-0.15753221144755675
0.35231355176791546
-0.16558169687474672
0.36036303719510543
-0.1736311823019367
0.36036303719510543
-0.18168066772912667
0.3684125226222954
-0.18973015315631664
0.3764620080494854
-0.1977796385835066
0.38451149347667535
-0.20582912401069658
0.3925609789038653
-0.21387860943788656
0.4006104643310553
-0.22192809486507653
0.4006104643310553
-0.23802706571945648
0.40865994975824527
-0.24607655114664645
0.40865994975824527
-0.2541260365738364
0.40865994975824527
-0.2621755220010264
0.40865994975824527
-0.27022500742821637
0.40865994975824527
-0.2863239782825963
0.41670943518543524
-0.2943734637097863
0.41670943518543524
-0.31047243456416623
0.41670943518543524
-0.3185219199913562
0.41670943518543524
-0.3265714054185462
0.41670943518543524
-0.3426703762729261
0.41670943518543524
-0.3507198617001161
0.41670943518543524
-0.36681883255449604
0.41670943518543524
-0.382917803408876
0.40865994975824527
-0.39096728883606596
0.40865994975824527
-0.39901677426325594
0.4006104643310553
-0.4070662596904459
0.4006104643310553
-0.4151157451176359
0.4006104643310553
-0.42316523054482585
0.3925609789038653
-0.4312147159720158
0.38451149347667535
-0.4392642013992058
0.38451149347667535
-0.4473136868263958
0.3764620080494854
-0.45536317225358575
0.3684125226222954
-0.4714621431079657
0.36036303719510543
-0.47951162853515567
0.3442640663407255
-0.48756111396234564
0.3362145809135355
-0.4956105993895356
0.32011561005915556
-0.5036600848167255
0.3120661246319656
-0.5036600848167255
0.3040166392047756
-0.5117095702439155
0.2879176683503957
-0.5197590556711055
0.2718186974960157
-0.5278085410982954
0.26376921206882575
-0.5278085410982954
0.24767024121444584
-0.5358580265254854
0.24767024121444584
-0.5358580265254854
0.2315712703600659
-0.5439075119526754
0.21547229950568594
-0.5519569973798654
0.20742281407849597
-0.5600064828070553
0.19132384322411602
-0.5600064828070553
0.18327435779692605
-0.5600064828070553
0.17522487236973608
-0.5680559682342453
0.15912590151535613
-0.5680559682342453
0.15107641608816616
-0.5680559682342453
0.13497744523378621
-0.5680559682342453
0.11887847437940625
-0.5680559682342453
0.10277950352502631
-0.5600064828070553
0.08668053267064636
-0.5519569973798654
0.07058156181626642
-0.5519569973798654
0.05448259096188647
-0.5439075119526754
0.0464331055346965
-0.5358580265254854
0.030334134680316552
-0.5278085410982954
0.014235163825936606
-0.5117095702439155
-0.0018638070284433404
-0.5036600848167255
-0.017962777882823286
-0.4956105993895356
-0.02601226331001326
-0.48756111396234564
-0.03406174873720323
-0.4714621431079657
-0.05016071959158318
-0.4634126576807757
-0.05821020501877315
-0.45536317225358575
-0.06625969044596312
-0.4392642013992058
-0.0743091758731531
-0.4392642013992058
-0.08235866130034307
-0.42316523054482585
-0.09040814672753304
-0.4070662596904459
-0.09845763215472302
-0.39901677426325594
-0.10650711758191299
-0.382917803408876
-0.11455660300910296
-0.36681883255449604
-0.12260608843629293
-0.35876934712730607
-0.12260608843629293
-0.3426703762729261
-0.13065557386348292
-0.3265714054185462
-0.1387050592906729
-0.3185219199913562
-0.14675454471786287
-0.30242294913697626
-0.15480403014505284
-0.2943734637097863
-0.15480403014505284
-0.27827449285540634
-0.1628535155722428
-0.2621755220010264
-0.1628535155722428
-0.2541260365738364
-0.17090300099943279
-0.23802706571945648
-0.17090300099943279
-0.22192809486507653
-0.17090300099943279
-0.20582912401069658
-0.17895248642662276
-0.1977796385835066
-0.17090300099943279
-0.18168066772912667
-0.17090300099943279
-0.1736311823019367
-0.17090300099943279
-0.16558169687474672
-0.17090300099943279
-0.15753221144755675
-0.1628535155722428
-0.1414332405931768
-0.1628535155722428
-0.13338375516598683
-0.15480403014505284
-0.11728478431160687
-0.14675454471786287
-0.1092352988844169
-0.1387050592906729
-0.10118581345722692
-0.1387050592906729
-0.09313632803003695
-0.13065557386348292
-0.077037357175657
-0.12260608843629293
-0.06898787174846703
-0.11455660300910296
-0.052888900894087085
-0.10650711758191299
-0.04483941546689711
-0.09845763215472302
-0.03678993003970714
-0.09040814672753304
-0.028740444612517166
-0.0743091758731531
-0.012641473758137222
-0.06625969044596312
-0.004591988330947248
-0.05821020501877315
0.003457497096242725
-0.042111234164393205
0.011506982523432699
-0.042111234164393205
0.019556467950622672
-0.02601226331001326
0.027605953377812645
-0.017962777882823286
0.03565543880500262
-0.0018638070284433404
0.04370492423219259
0.006185678398746633
0.04370492423219259
0.014235163825936606
0.051754409659382564
0.02228464925312658
0.05980389508657254
0.038383620107506525
0.06785338051376251
0.0464331055346965
0.07590286594095248
0.06253207638907644
0.08395235136814246
0.07058156181626642
0.09200183679533243
0.07863104724345639
0.1000513222225224
0.09473001809783634
0.1000513222225224
0.10277950352502631
0.10810080764971237
0.11082898895221628
0.11615029307690235
0.12692795980659624
0.12419977850409232
0.13497744523378621
0.1322492639312823
0.1430269306609762
0.14029874935847228
0.15912590151535613
0.14834823478566225
0.1671753869425461
0.15639772021285223
0.17522487236973608
0.1644472056400422
0.19132384322411602
0.17249669106723217
0.199373328651306
0.18054617649442214
0.20742281407849597
0.18859566192161212
0.21547229950568594
0.1966451473488021
0.2315712703600659
0.21274411820318204
0.23962075578725586
0.21274411820318204
0.24767024121444584
0.22884308905756198
0.2557197266416358
0.23689257448475196
0.26376921206882575
0.24494205991194193
0.2718186974960157
0.26104103076632185
0.2798681829232057
0.26104103076632185
0.2879176683503957
0.2690905161935118
0.29596715377758565
0.28518948704789177
0.3040166392047756
0.29323897247508174
0.3120661246319656
0.3012884579022717
0.32011561005915556
0.31738742875665166
0.32011561005915556
0.32543691418384163
0.32816509548634554
0.3334863996110316
0.32816509548634554
0.3415358850382216
0.3362145809135355
0.34958537046541155
0.3442640663407255
0.3576348558926015
0.3442640663407255
0.3656843413197915
0.3442640663407255
0.37373382674698147
0.35231355176791546
0.38178331217417144
0.35231355176791546
0.3978822830285514
0.35231355176791546
0.40593176845574136
0.36036303719510543
0.41398125388293133
0.36036303719510543
0.4220307393101213
0.36036303719510543
0.4300802247373113
0.36036303719510543
0.43812971016450125
0.36036303719510543
0.4461791955916912
0.36036303719510543
0.4542286810188812
0.36036303719510543
0.46227816644607117
0.35231355176791546
0.47032765187326114
0.35231355176791546
0.4783771373004511
0.3442640663407255
0.4864266227276411
0.3442640663407255
0.4864266227276411
0.3362145809135355
0.49447610815483106
0.32816509548634554
0.5025255935820211
0.32011561005915556
0.5105750790092111
0.32011561005915556
0.518624564436401
0.3120661246319656
0.526674049863591
0.3040166392047756
0.534723535290781
0.3040166392047756
0.542773020717971
0.29596715377758565
0.542773020717971
0.2879176683503957
0.5508225061451609
0.2879176683503957
0.5508225061451609
0.2798681829232057
0.5588719915723509
0.2718186974960157
0.5669214769995409
0.26376921206882575
0.5749709624267308
0.26376921206882575
0.5749709624267308
0.2557197266416358
0.5830204478539208
0.2557197266416358
0.5830204478539208
0.24767024121444584
0.5910699332811108
0.23962075578725586
0.5910699332811108
0.2315712703600659
0.5991194187083008
0.2315712703600659
0.5991194187083008
0.22352178493287592
0.6071689041354907
0.21547229950568594
0.6071689041354907
0.20742281407849597
0.6071689041354907
0.199373328651306
0.6152183895626807
0.199373328651306
0.6152183895626807
0.19132384322411602
0.6152183895626807
0.18327435779692605
0.6232678749898707
0.18327435779692605
0.6232678749898707
0.1671753869425461
0.6232678749898707
0.15912590151535613
0.6232678749898707
0.15107641608816616
0.6313173604170607
0.1430269306609762
0.6313173604170607
0.13497744523378621
0.6313173604170607
0.12692795980659624
0.6313173604170607
0.11887847437940625
0.6313173604170607
0.11082898895221628
0.6313173604170607
0.10277950352502631
0.6313173604170607
0.09473001809783634
1
0
0
0
