-0.5301192398886635
1.0
-0.5301192398886635
0.9376997354042816
-0.5301192398886635
0.9020995842067283
-0.5212192020892751
0.8486993574103983
-0.5212192020892751
0.8041991684134566
-0.5123191642898868
0.7507989416171266
-0.5034191264904985
0.6884986770214082
-0.5034191264904985
0.6350984502250782
-0.5034191264904985
0.6083983368269131
-0.4945190886911101
0.5460980722311948
-0.4945190886911101
0.5015978832342531
-0.48561905089172175
0.4392976186385348
-0.48561905089172175
0.41259750524036976
-0.47671901309233344
0.36809731624342806
-0.4678189752929451
0.3057970516477097
-0.4500188996941684
0.2523968248513797
-0.44111886189478006
0.20789663585443802
-0.4233187862960034
0.14559637125871966
-0.4144187484966151
0.10999622006116631
-0.39661867289783836
0.056595993264836296
-0.3788185972990617
0.029895879866671287
-0.36101852170028503
-0.032404384729047074
-0.35211848390089673
-0.06800453592660041
-0.33431840830212
-0.12140476272293044
-0.31651833270334334
-0.1837050273186488
-0.2987182571045667
-0.23710525411497882
-0.28981821930517837
-0.29050548091130884
-0.28091818150579
-0.3261056321088622
-0.27201814370640165
-0.3617057833064155
-0.24531803030823665
-0.42400604790213386
-0.22751795470945999
-0.46850623689907556
-0.200817841311295
-0.5219064636954056
-0.19191780351190665
-0.5575066148929589
-0.1563176523143533
-0.6020068038899006
-0.1296175389161883
-0.6465069928868423
-0.10291742551802327
-0.6821071440843957
-0.06731727432046992
-0.7266073330813373
-0.03171712312291658
-0.7533074464795023
-0.005017009724751571
-0.7800075598776673
0.03948317927219011
-0.7978076354764441
0.09288340606852014
-0.7978076354764441
0.14628363286485016
-0.7889075976770556
0.1818837840624035
-0.7622074842788907
0.21748393525995685
-0.7088072574825607
0.23528401085873352
-0.6643070684856189
0.23528401085873352
-0.610906841689289
0.23528401085873352
-0.5753066904917357
0.21748393525995685
-0.5308065014947939
0.19078382186179185
-0.4774062746984639
0.16408370846362683
-0.42400604790213386
0.13738359506546183
-0.38840589670458053
0.11068348166729682
-0.3528057455070272
0.0839833682691318
-0.3083055565100855
0.04838321707157845
-0.2816054431119205
0.012783065874025104
-0.24600529191436715
-0.03171712312291658
-0.2282052163155905
-0.07621731211985827
-0.21040514071681382
-0.07621731211985827
-0.21040514071681382
-0.03171712312291658
-0.23710525411497882
0.012783065874025104
-0.2549053297137555
0.04838321707157845
-0.2727054053125322
0.09288340606852014
-0.2816054431119205
0.14628363286485016
-0.29050548091130884
0.19968385966118019
-0.29050548091130884
0.23528401085873352
-0.29050548091130884
0.28868423765506357
-0.29050548091130884
0.34208446445139357
-0.2727054053125322
0.38658465344833526
-0.24600529191436715
0.43108484244527695
-0.21930517851620215
0.4666849936428303
-0.17480498951926046
0.48448506924160695
-0.1392048383217071
0.4933851070409953
-0.08580461152537709
0.5022851448403837
-0.04130442252843541
0.5200852204391603
0.012095804267894613
0.5200852204391603
0.056595993264836296
0.511185182639772
0.10109618226177798
0.5022851448403837
0.154496409058108
0.48448506924160695
0.20789663585443802
0.4666849936428303
0.24349678705199138
0.43998488024466526
0.28799697604893304
0.4132847668465003
0.3235971272464864
0.3776846156489469
0.35919727844403976
0.34208446445139357
0.3947974296415931
0.31538435105322854
0.4214975430397581
0.27088416205628685
0.4392976186385348
0.22638397305934518
0.4748977698360881
0.17298374626301516
0.4837978076354765
0.13738359506546183
0.4926978454348648
0.0839833682691318
0.5015978832342531
0.030583141472801778
0.5015978832342531
-0.013917047524139907
0.5015978832342531
-0.06731727432046992
0.4926978454348648
-0.11181746331741162
0.4837978076354765
-0.16521769011374163
0.4748977698360881
-0.200817841311295
0.45709769423731145
-0.254218068107625
0.4303975808391464
-0.28981821930517837
0.3947974296415931
-0.30761829490395504
0.36809731624342806
-0.30761829490395504
0.33249716504587473
-0.31651833270334334
0.28799697604893304
0
1
0
0
